ox,oy,dx,dy,distance,time
114.075031,32.123274,113.795031,31.843274,62695,5763
114.075031,32.123274,113.795031,31.863274,77963,6444
114.075031,32.123274,113.795031,31.883274,68078,6816
114.075031,32.123274,113.795031,31.903274,64151,6288
114.075031,32.123274,113.795031,31.923274,67466,6775
114.075031,32.123274,113.795031,31.943274,67286,6791
114.075031,32.123274,113.795031,31.963274,61298,5903
114.075031,32.123274,113.795031,31.983274,57980,5541
114.075031,32.123274,113.795031,32.003274,57607,5513
114.075031,32.123274,113.795031,32.023274,48462,4938
114.075031,32.123274,113.795031,32.043274,46805,4598
114.075031,32.123274,113.795031,32.063274,43163,3847
114.075031,32.123274,113.795031,32.083274,39557,3509
114.075031,32.123274,113.795031,32.103274,37698,3274
114.075031,32.123274,113.795031,32.123274,34945,3105
114.075031,32.123274,113.795031,32.143274,32891,2957
114.075031,32.123274,113.795031,32.163274,34483,3182
114.075031,32.123274,113.795031,32.183274,39634,4432
114.075031,32.123274,113.795031,32.203274,38220,3575
114.075031,32.123274,113.795031,32.223274,41730,3486
114.075031,32.123274,113.795031,32.243274,41571,3363
114.075031,32.123274,113.795031,32.263274,37571,2952
114.075031,32.123274,113.795031,32.283274,37181,2926
114.075031,32.123274,113.795031,32.303274,37610,3344
114.075031,32.123274,113.795031,32.323274,42563,3888
114.075031,32.123274,113.795031,32.343274,43617,3995
114.075031,32.123274,113.795031,32.363274,48287,4512
114.075031,32.123274,113.795031,32.383274,48923,4655
114.075031,32.123274,113.795031,32.403274,50952,4872
114.075031,32.123274,113.795031,32.423274,53506,5210
114.075031,32.123274,113.815031,31.843274,62695,5762
114.075031,32.123274,113.815031,31.863274,69000,7004
114.075031,32.123274,113.815031,31.883274,68738,6934
114.075031,32.123274,113.815031,31.903274,65310,6488
114.075031,32.123274,113.815031,31.923274,60859,5844
114.075031,32.123274,113.815031,31.943274,59278,5757
114.075031,32.123274,113.815031,31.963274,63423,6115
114.075031,32.123274,113.815031,31.983274,62194,5985
114.075031,32.123274,113.815031,32.003274,54802,5156
114.075031,32.123274,113.815031,32.023274,50592,5486
114.075031,32.123274,113.815031,32.043274,47729,4634
114.075031,32.123274,113.815031,32.063274,44882,4113
114.075031,32.123274,113.815031,32.083274,43411,4046
114.075031,32.123274,113.815031,32.103274,40286,3551
114.075031,32.123274,113.815031,32.123274,34010,4026
114.075031,32.123274,113.815031,32.143274,31296,2883
114.075031,32.123274,113.815031,32.163274,34051,3303
114.075031,32.123274,113.815031,32.183274,36924,3736
114.075031,32.123274,113.815031,32.203274,36433,3487
114.075031,32.123274,113.815031,32.223274,40449,3214
114.075031,32.123274,113.815031,32.243274,38781,2997
114.075031,32.123274,113.815031,32.263274,35661,2864
114.075031,32.123274,113.815031,32.283274,34535,2726
114.075031,32.123274,113.815031,32.303274,35532,3021
114.075031,32.123274,113.815031,32.323274,44433,4140
114.075031,32.123274,113.815031,32.343274,51898,4883
114.075031,32.123274,113.815031,32.363274,50468,4687
114.075031,32.123274,113.815031,32.383274,50840,4694
114.075031,32.123274,113.815031,32.403274,52245,4918
114.075031,32.123274,113.815031,32.423274,56228,5514
114.075031,32.123274,113.835031,31.843274,55448,5444
114.075031,32.123274,113.835031,31.863274,53604,4932
114.075031,32.123274,113.835031,31.883274,52431,5235
114.075031,32.123274,113.835031,31.903274,66315,6675
114.075031,32.123274,113.835031,31.923274,59115,5580
114.075031,32.123274,113.835031,31.943274,57324,5291
114.075031,32.123274,113.835031,31.963274,55645,5273
114.075031,32.123274,113.835031,31.983274,52536,4723
114.075031,32.123274,113.835031,32.003274,51903,5128
114.075031,32.123274,113.835031,32.023274,51491,4706
114.075031,32.123274,113.835031,32.043274,42299,4132
114.075031,32.123274,113.835031,32.063274,39792,3821
114.075031,32.123274,113.835031,32.083274,42230,4016
114.075031,32.123274,113.835031,32.103274,44369,4528
114.075031,32.123274,113.835031,32.123274,32487,3025
114.075031,32.123274,113.835031,32.143274,29598,2836
114.075031,32.123274,113.835031,32.163274,29043,2600
114.075031,32.123274,113.835031,32.183274,36002,3467
114.075031,32.123274,113.835031,32.203274,33393,3245
114.075031,32.123274,113.835031,32.223274,38600,2951
114.075031,32.123274,113.835031,32.243274,36312,2787
114.075031,32.123274,113.835031,32.263274,34165,2654
114.075031,32.123274,113.835031,32.283274,32909,2586
114.075031,32.123274,113.835031,32.303274,35240,2870
114.075031,32.123274,113.835031,32.323274,38200,3196
114.075031,32.123274,113.835031,32.343274,41793,3407
114.075031,32.123274,113.835031,32.363274,47591,3868
114.075031,32.123274,113.835031,32.383274,48311,3866
114.075031,32.123274,113.835031,32.403274,49379,4121
114.075031,32.123274,113.835031,32.423274,47674,3677
114.075031,32.123274,113.855031,31.843274,51478,4459
114.075031,32.123274,113.855031,31.863274,50392,4438
114.075031,32.123274,113.855031,31.883274,52431,5235
114.075031,32.123274,113.855031,31.903274,42903,3591
114.075031,32.123274,113.855031,31.923274,43275,4089
114.075031,32.123274,113.855031,31.943274,54984,5051
114.075031,32.123274,113.855031,31.963274,54484,4928
114.075031,32.123274,113.855031,31.983274,51999,4608
114.075031,32.123274,113.855031,32.003274,49677,4411
114.075031,32.123274,113.855031,32.023274,48528,4167
114.075031,32.123274,113.855031,32.043274,47362,4060
114.075031,32.123274,113.855031,32.063274,40214,3826
114.075031,32.123274,113.855031,32.083274,36560,3378
114.075031,32.123274,113.855031,32.103274,31094,2861
114.075031,32.123274,113.855031,32.123274,29861,2621
114.075031,32.123274,113.855031,32.143274,28216,2521
114.075031,32.123274,113.855031,32.163274,25247,2177
114.075031,32.123274,113.855031,32.183274,29842,2624
114.075031,32.123274,113.855031,32.203274,31708,3289
114.075031,32.123274,113.855031,32.223274,31094,2405
114.075031,32.123274,113.855031,32.243274,28866,2239
114.075031,32.123274,113.855031,32.263274,29709,3939
114.075031,32.123274,113.855031,32.283274,33783,2532
114.075031,32.123274,113.855031,32.303274,35766,3030
114.075031,32.123274,113.855031,32.323274,37680,3092
114.075031,32.123274,113.855031,32.343274,41559,3662
114.075031,32.123274,113.855031,32.363274,45320,3683
114.075031,32.123274,113.855031,32.383274,46711,3851
114.075031,32.123274,113.855031,32.403274,46154,3579
114.075031,32.123274,113.855031,32.423274,46779,3441
114.075031,32.123274,113.875031,31.843274,47046,3917
114.075031,32.123274,113.875031,31.863274,44024,3613
114.075031,32.123274,113.875031,31.883274,42892,3554
114.075031,32.123274,113.875031,31.903274,42852,3584
114.075031,32.123274,113.875031,31.923274,43275,4089
114.075031,32.123274,113.875031,31.943274,44712,4593
114.075031,32.123274,113.875031,31.963274,43406,4065
114.075031,32.123274,113.875031,31.983274,42557,3829
114.075031,32.123274,113.875031,32.003274,44587,4084
114.075031,32.123274,113.875031,32.023274,46604,3970
114.075031,32.123274,113.875031,32.043274,45161,3740
114.075031,32.123274,113.875031,32.063274,37374,3413
114.075031,32.123274,113.875031,32.083274,34842,3345
114.075031,32.123274,113.875031,32.103274,32302,2832
114.075031,32.123274,113.875031,32.123274,30003,2843
114.075031,32.123274,113.875031,32.143274,26342,2316
114.075031,32.123274,113.875031,32.163274,23179,2021
114.075031,32.123274,113.875031,32.183274,31610,3177
114.075031,32.123274,113.875031,32.203274,30028,3022
114.075031,32.123274,113.875031,32.223274,28354,2376
114.075031,32.123274,113.875031,32.243274,26920,2119
114.075031,32.123274,113.875031,32.263274,29949,3458
114.075031,32.123274,113.875031,32.283274,36486,2783
114.075031,32.123274,113.875031,32.303274,37671,3089
114.075031,32.123274,113.875031,32.323274,39211,3276
114.075031,32.123274,113.875031,32.343274,40963,3548
114.075031,32.123274,113.875031,32.363274,48467,3530
114.075031,32.123274,113.875031,32.383274,45887,3254
114.075031,32.123274,113.875031,32.403274,43578,3101
114.075031,32.123274,113.875031,32.423274,43836,3205
114.075031,32.123274,113.895031,31.843274,47466,3964
114.075031,32.123274,113.895031,31.863274,44173,3630
114.075031,32.123274,113.895031,31.883274,40731,3394
114.075031,32.123274,113.895031,31.903274,41540,3478
114.075031,32.123274,113.895031,31.923274,43971,4271
114.075031,32.123274,113.895031,31.943274,37647,3358
114.075031,32.123274,113.895031,31.963274,41089,3153
114.075031,32.123274,113.895031,31.983274,40817,3607
114.075031,32.123274,113.895031,32.003274,39770,3209
114.075031,32.123274,113.895031,32.023274,42225,3430
114.075031,32.123274,113.895031,32.043274,42596,3458
114.075031,32.123274,113.895031,32.063274,37445,3240
114.075031,32.123274,113.895031,32.083274,36258,3212
114.075031,32.123274,113.895031,32.103274,35212,3131
114.075031,32.123274,113.895031,32.123274,29597,3385
114.075031,32.123274,113.895031,32.143274,21283,2032
114.075031,32.123274,113.895031,32.163274,21847,1947
114.075031,32.123274,113.895031,32.183274,24660,2190
114.075031,32.123274,113.895031,32.203274,28712,2940
114.075031,32.123274,113.895031,32.223274,26186,2705
114.075031,32.123274,113.895031,32.243274,25206,2921
114.075031,32.123274,113.895031,32.263274,28474,3303
114.075031,32.123274,113.895031,32.283274,32156,3742
114.075031,32.123274,113.895031,32.303274,39469,3231
114.075031,32.123274,113.895031,32.323274,42433,3943
114.075031,32.123274,113.895031,32.343274,40230,3640
114.075031,32.123274,113.895031,32.363274,45083,3052
114.075031,32.123274,113.895031,32.383274,46211,3283
114.075031,32.123274,113.895031,32.403274,42849,3062
114.075031,32.123274,113.895031,32.423274,42305,3081
114.075031,32.123274,113.915031,31.843274,37669,2889
114.075031,32.123274,113.915031,31.863274,36618,2882
114.075031,32.123274,113.915031,31.883274,39130,3163
114.075031,32.123274,113.915031,31.903274,36714,2719
114.075031,32.123274,113.915031,31.923274,35997,3014
114.075031,32.123274,113.915031,31.943274,35694,3113
114.075031,32.123274,113.915031,31.963274,39166,2991
114.075031,32.123274,113.915031,31.983274,38990,3230
114.075031,32.123274,113.915031,32.003274,39598,3171
114.075031,32.123274,113.915031,32.023274,39423,3119
114.075031,32.123274,113.915031,32.043274,44562,3810
114.075031,32.123274,113.915031,32.063274,40078,3681
114.075031,32.123274,113.915031,32.083274,41188,4381
114.075031,32.123274,113.915031,32.103274,40338,4457
114.075031,32.123274,113.915031,32.123274,20651,2473
114.075031,32.123274,113.915031,32.143274,18760,1777
114.075031,32.123274,113.915031,32.163274,20197,2040
114.075031,32.123274,113.915031,32.183274,19145,2023
114.075031,32.123274,113.915031,32.203274,28545,2788
114.075031,32.123274,113.915031,32.223274,24888,2505
114.075031,32.123274,113.915031,32.243274,23396,2423
114.075031,32.123274,113.915031,32.263274,25567,2423
114.075031,32.123274,113.915031,32.283274,31169,3125
114.075031,32.123274,113.915031,32.303274,31984,3241
114.075031,32.123274,113.915031,32.323274,38193,3173
114.075031,32.123274,113.915031,32.343274,37880,3133
114.075031,32.123274,113.915031,32.363274,38231,3170
114.075031,32.123274,113.915031,32.383274,40935,2781
114.075031,32.123274,113.915031,32.403274,40037,2804
114.075031,32.123274,113.915031,32.423274,40930,2827
114.075031,32.123274,113.935031,31.843274,38183,3158
114.075031,32.123274,113.935031,31.863274,34712,2658
114.075031,32.123274,113.935031,31.883274,33821,2477
114.075031,32.123274,113.935031,31.903274,34203,2640
114.075031,32.123274,113.935031,31.923274,31517,2996
114.075031,32.123274,113.935031,31.943274,32843,2881
114.075031,32.123274,113.935031,31.963274,33348,2663
114.075031,32.123274,113.935031,31.983274,34091,2690
114.075031,32.123274,113.935031,32.003274,38528,3196
114.075031,32.123274,113.935031,32.023274,44013,4036
114.075031,32.123274,113.935031,32.043274,44534,4138
114.075031,32.123274,113.935031,32.063274,46909,4771
114.075031,32.123274,113.935031,32.083274,43912,5044
114.075031,32.123274,113.935031,32.103274,44872,5282
114.075031,32.123274,113.935031,32.123274,18607,2135
114.075031,32.123274,113.935031,32.143274,16882,1617
114.075031,32.123274,113.935031,32.163274,15874,1643
114.075031,32.123274,113.935031,32.183274,17924,1762
114.075031,32.123274,113.935031,32.203274,28292,3046
114.075031,32.123274,113.935031,32.223274,26821,2682
114.075031,32.123274,113.935031,32.243274,21344,1932
114.075031,32.123274,113.935031,32.263274,24963,2540
114.075031,32.123274,113.935031,32.283274,29291,2976
114.075031,32.123274,113.935031,32.303274,31789,3225
114.075031,32.123274,113.935031,32.323274,37296,3120
114.075031,32.123274,113.935031,32.343274,34116,2846
114.075031,32.123274,113.935031,32.363274,36573,3012
114.075031,32.123274,113.935031,32.383274,40459,2737
114.075031,32.123274,113.935031,32.403274,37293,2461
114.075031,32.123274,113.935031,32.423274,39178,2692
114.075031,32.123274,113.955031,31.843274,37794,3144
114.075031,32.123274,113.955031,31.863274,35782,3103
114.075031,32.123274,113.955031,31.883274,31759,2410
114.075031,32.123274,113.955031,31.903274,30547,2281
114.075031,32.123274,113.955031,31.923274,27692,2173
114.075031,32.123274,113.955031,31.943274,30009,2373
114.075031,32.123274,113.955031,31.963274,32127,2507
114.075031,32.123274,113.955031,31.983274,35488,2805
114.075031,32.123274,113.955031,32.003274,40930,3960
114.075031,32.123274,113.955031,32.023274,45134,4411
114.075031,32.123274,113.955031,32.043274,47232,4887
114.075031,32.123274,113.955031,32.063274,47818,4994
114.075031,32.123274,113.955031,32.083274,45512,5534
114.075031,32.123274,113.955031,32.103274,45821,5639
114.075031,32.123274,113.955031,32.123274,18861,2625
114.075031,32.123274,113.955031,32.143274,17399,1968
114.075031,32.123274,113.955031,32.163274,14503,1445
114.075031,32.123274,113.955031,32.183274,20939,1713
114.075031,32.123274,113.955031,32.203274,21970,1959
114.075031,32.123274,113.955031,32.223274,19549,1672
114.075031,32.123274,113.955031,32.243274,22391,2260
114.075031,32.123274,113.955031,32.263274,26149,2477
114.075031,32.123274,113.955031,32.283274,29130,2912
114.075031,32.123274,113.955031,32.303274,31987,3195
114.075031,32.123274,113.955031,32.323274,33708,2802
114.075031,32.123274,113.955031,32.343274,32649,2798
114.075031,32.123274,113.955031,32.363274,42642,2936
114.075031,32.123274,113.955031,32.383274,40921,2783
114.075031,32.123274,113.955031,32.403274,38106,2527
114.075031,32.123274,113.955031,32.423274,39491,2634
114.075031,32.123274,113.975031,31.843274,40469,4236
114.075031,32.123274,113.975031,31.863274,34936,2768
114.075031,32.123274,113.975031,31.883274,32124,2615
114.075031,32.123274,113.975031,31.903274,30886,2429
114.075031,32.123274,113.975031,31.923274,26656,2106
114.075031,32.123274,113.975031,31.943274,24674,2079
114.075031,32.123274,113.975031,31.963274,23034,1980
114.075031,32.123274,113.975031,31.983274,20390,1734
114.075031,32.123274,113.975031,32.003274,21702,2112
114.075031,32.123274,113.975031,32.023274,17976,1943
114.075031,32.123274,113.975031,32.043274,16897,3224
114.075031,32.123274,113.975031,32.063274,16391,2169
114.075031,32.123274,113.975031,32.083274,16063,2419
114.075031,32.123274,113.975031,32.103274,15650,1996
114.075031,32.123274,113.975031,32.123274,12653,1842
114.075031,32.123274,113.975031,32.143274,11406,1194
114.075031,32.123274,113.975031,32.163274,13230,1488
114.075031,32.123274,113.975031,32.183274,14000,1480
114.075031,32.123274,113.975031,32.203274,17493,1441
114.075031,32.123274,113.975031,32.223274,16357,1381
114.075031,32.123274,113.975031,32.243274,19299,2036
114.075031,32.123274,113.975031,32.263274,24429,2345
114.075031,32.123274,113.975031,32.283274,25600,2372
114.075031,32.123274,113.975031,32.303274,27144,2739
114.075031,32.123274,113.975031,32.323274,30865,2595
114.075031,32.123274,113.975031,32.343274,33340,2784
114.075031,32.123274,113.975031,32.363274,34178,3299
114.075031,32.123274,113.975031,32.383274,43112,2946
114.075031,32.123274,113.975031,32.403274,40029,2693
114.075031,32.123274,113.975031,32.423274,41827,2819
114.075031,32.123274,113.995031,31.843274,38029,3005
114.075031,32.123274,113.995031,31.863274,35774,3382
114.075031,32.123274,113.995031,31.883274,32834,2581
114.075031,32.123274,113.995031,31.903274,32772,2579
114.075031,32.123274,113.995031,31.923274,34083,2682
114.075031,32.123274,113.995031,31.943274,25932,2065
114.075031,32.123274,113.995031,31.963274,22416,1888
114.075031,32.123274,113.995031,31.983274,20699,1896
114.075031,32.123274,113.995031,32.003274,17316,1503
114.075031,32.123274,113.995031,32.023274,16137,1460
114.075031,32.123274,113.995031,32.043274,15613,2300
114.075031,32.123274,113.995031,32.063274,15361,2397
114.075031,32.123274,113.995031,32.083274,14254,1913
114.075031,32.123274,113.995031,32.103274,15292,1667
114.075031,32.123274,113.995031,32.123274,9869,1175
114.075031,32.123274,113.995031,32.143274,9852,1076
114.075031,32.123274,113.995031,32.163274,11062,1005
114.075031,32.123274,113.995031,32.183274,12845,1271
114.075031,32.123274,113.995031,32.203274,14307,1243
114.075031,32.123274,113.995031,32.223274,15385,1368
114.075031,32.123274,113.995031,32.243274,18613,1592
114.075031,32.123274,113.995031,32.263274,22314,2056
114.075031,32.123274,113.995031,32.283274,22784,1961
114.075031,32.123274,113.995031,32.303274,23643,1770
114.075031,32.123274,113.995031,32.323274,27049,2317
114.075031,32.123274,113.995031,32.343274,30104,2602
114.075031,32.123274,113.995031,32.363274,32803,3121
114.075031,32.123274,113.995031,32.383274,43777,3242
114.075031,32.123274,113.995031,32.403274,38325,3116
114.075031,32.123274,113.995031,32.423274,39014,3180
114.075031,32.123274,114.015031,31.843274,43702,3244
114.075031,32.123274,114.015031,31.863274,37884,4936
114.075031,32.123274,114.015031,31.883274,36563,3667
114.075031,32.123274,114.015031,31.903274,32651,3638
114.075031,32.123274,114.015031,31.923274,32567,2845
114.075031,32.123274,114.015031,31.943274,30370,2780
114.075031,32.123274,114.015031,31.963274,29202,2538
114.075031,32.123274,114.015031,31.983274,21392,2152
114.075031,32.123274,114.015031,32.003274,18864,1652
114.075031,32.123274,114.015031,32.023274,15934,1526
114.075031,32.123274,114.015031,32.043274,13980,1690
114.075031,32.123274,114.015031,32.063274,11592,1366
114.075031,32.123274,114.015031,32.083274,11267,1098
114.075031,32.123274,114.015031,32.103274,7114,832
114.075031,32.123274,114.015031,32.123274,9976,1159
114.075031,32.123274,114.015031,32.143274,8387,761
114.075031,32.123274,114.015031,32.163274,9851,858
114.075031,32.123274,114.015031,32.183274,15738,1422
114.075031,32.123274,114.015031,32.203274,12775,1182
114.075031,32.123274,114.015031,32.223274,18309,1741
114.075031,32.123274,114.015031,32.243274,18457,1650
114.075031,32.123274,114.015031,32.263274,20613,1883
114.075031,32.123274,114.015031,32.283274,20626,1809
114.075031,32.123274,114.015031,32.303274,22694,1992
114.075031,32.123274,114.015031,32.323274,25297,2167
114.075031,32.123274,114.015031,32.343274,27254,2463
114.075031,32.123274,114.015031,32.363274,31858,3102
114.075031,32.123274,114.015031,32.383274,35914,3497
114.075031,32.123274,114.015031,32.403274,36703,3056
114.075031,32.123274,114.015031,32.423274,37664,3325
114.075031,32.123274,114.035031,31.843274,44848,3483
114.075031,32.123274,114.035031,31.863274,36678,3458
114.075031,32.123274,114.035031,31.883274,35630,3951
114.075031,32.123274,114.035031,31.903274,31331,3468
114.075031,32.123274,114.035031,31.923274,29992,2686
114.075031,32.123274,114.035031,31.943274,31625,4028
114.075031,32.123274,114.035031,31.963274,21889,2457
114.075031,32.123274,114.035031,31.983274,19626,2055
114.075031,32.123274,114.035031,32.003274,16392,1715
114.075031,32.123274,114.035031,32.023274,15141,1592
114.075031,32.123274,114.035031,32.043274,12280,1275
114.075031,32.123274,114.035031,32.063274,9452,973
114.075031,32.123274,114.035031,32.083274,9317,960
114.075031,32.123274,114.035031,32.103274,5120,571
114.075031,32.123274,114.035031,32.123274,4436,650
114.075031,32.123274,114.035031,32.143274,5879,601
114.075031,32.123274,114.035031,32.163274,8969,1015
114.075031,32.123274,114.035031,32.183274,10934,1089
114.075031,32.123274,114.035031,32.203274,12393,2050
114.075031,32.123274,114.035031,32.223274,20553,1759
114.075031,32.123274,114.035031,32.243274,16975,1537
114.075031,32.123274,114.035031,32.263274,19338,1704
114.075031,32.123274,114.035031,32.283274,19593,1729
114.075031,32.123274,114.035031,32.303274,21978,2072
114.075031,32.123274,114.035031,32.323274,24275,2105
114.075031,32.123274,114.035031,32.343274,26338,2253
114.075031,32.123274,114.035031,32.363274,30093,2531
114.075031,32.123274,114.035031,32.383274,30820,2558
114.075031,32.123274,114.035031,32.403274,33853,2786
114.075031,32.123274,114.035031,32.423274,35287,2905
114.075031,32.123274,114.055031,31.843274,39860,3204
114.075031,32.123274,114.055031,31.863274,35309,3505
114.075031,32.123274,114.055031,31.883274,33852,3230
114.075031,32.123274,114.055031,31.903274,30585,2789
114.075031,32.123274,114.055031,31.923274,27737,2340
114.075031,32.123274,114.055031,31.943274,26013,4064
114.075031,32.123274,114.055031,31.963274,23877,3696
114.075031,32.123274,114.055031,31.983274,19865,2647
114.075031,32.123274,114.055031,32.003274,18759,2165
114.075031,32.123274,114.055031,32.023274,14508,1682
114.075031,32.123274,114.055031,32.043274,11833,1177
114.075031,32.123274,114.055031,32.063274,9142,1070
114.075031,32.123274,114.055031,32.083274,6728,742
114.075031,32.123274,114.055031,32.103274,3955,493
114.075031,32.123274,114.055031,32.123274,2478,334
114.075031,32.123274,114.055031,32.143274,3451,434
114.075031,32.123274,114.055031,32.163274,7420,839
114.075031,32.123274,114.055031,32.183274,8196,909
114.075031,32.123274,114.055031,32.203274,9744,1068
114.075031,32.123274,114.055031,32.223274,12426,1212
114.075031,32.123274,114.055031,32.243274,14980,1386
114.075031,32.123274,114.055031,32.263274,17737,1586
114.075031,32.123274,114.055031,32.283274,19247,1834
114.075031,32.123274,114.055031,32.303274,22823,2020
114.075031,32.123274,114.055031,32.323274,26913,2389
114.075031,32.123274,114.055031,32.343274,28666,2729
114.075031,32.123274,114.055031,32.363274,29945,3462
114.075031,32.123274,114.055031,32.383274,34290,3389
114.075031,32.123274,114.055031,32.403274,35713,4270
114.075031,32.123274,114.055031,32.423274,36696,3099
114.075031,32.123274,114.075031,31.843274,33413,2433
114.075031,32.123274,114.075031,31.863274,34397,3435
114.075031,32.123274,114.075031,31.883274,30043,2272
114.075031,32.123274,114.075031,31.903274,31074,3181
114.075031,32.123274,114.075031,31.923274,25548,2092
114.075031,32.123274,114.075031,31.943274,23879,2410
114.075031,32.123274,114.075031,31.963274,20624,1857
114.075031,32.123274,114.075031,31.983274,17940,2310
114.075031,32.123274,114.075031,32.003274,15847,1371
114.075031,32.123274,114.075031,32.023274,14841,1510
114.075031,32.123274,114.075031,32.043274,11449,1205
114.075031,32.123274,114.075031,32.063274,8847,1002
114.075031,32.123274,114.075031,32.083274,6145,847
114.075031,32.123274,114.075031,32.103274,3275,463
114.075031,32.123274,114.075031,32.123274,156,38
114.075031,32.123274,114.075031,32.143274,3305,414
114.075031,32.123274,114.075031,32.163274,6052,734
114.075031,32.123274,114.075031,32.183274,8542,977
114.075031,32.123274,114.075031,32.203274,11134,1179
114.075031,32.123274,114.075031,32.223274,14904,1668
114.075031,32.123274,114.075031,32.243274,22592,2088
114.075031,32.123274,114.075031,32.263274,20991,1887
114.075031,32.123274,114.075031,32.283274,21262,1955
114.075031,32.123274,114.075031,32.303274,23240,2173
114.075031,32.123274,114.075031,32.323274,27683,2437
114.075031,32.123274,114.075031,32.343274,46233,3803
114.075031,32.123274,114.075031,32.363274,31853,3977
114.075031,32.123274,114.075031,32.383274,35913,3494
114.075031,32.123274,114.075031,32.403274,39937,4397
114.075031,32.123274,114.075031,32.423274,48025,4440
114.075031,32.123274,114.095031,31.843274,32462,2716
114.075031,32.123274,114.095031,31.863274,31193,2340
114.075031,32.123274,114.095031,31.883274,28497,2146
114.075031,32.123274,114.095031,31.903274,26210,1972
114.075031,32.123274,114.095031,31.923274,23899,1867
114.075031,32.123274,114.095031,31.943274,21625,1713
114.075031,32.123274,114.095031,31.963274,19831,1580
114.075031,32.123274,114.095031,31.983274,26057,2392
114.075031,32.123274,114.095031,32.003274,15434,1919
114.075031,32.123274,114.095031,32.023274,13573,1192
114.075031,32.123274,114.095031,32.043274,15777,1348
114.075031,32.123274,114.095031,32.063274,10315,1316
114.075031,32.123274,114.095031,32.083274,7257,949
114.075031,32.123274,114.095031,32.103274,3719,545
114.075031,32.123274,114.095031,32.123274,3424,487
114.075031,32.123274,114.095031,32.143274,3988,464
114.075031,32.123274,114.095031,32.163274,9744,1005
114.075031,32.123274,114.095031,32.183274,9082,962
114.075031,32.123274,114.095031,32.203274,12187,1218
114.075031,32.123274,114.095031,32.223274,21252,1799
114.075031,32.123274,114.095031,32.243274,22751,2097
114.075031,32.123274,114.095031,32.263274,24717,2447
114.075031,32.123274,114.095031,32.283274,27101,2729
114.075031,32.123274,114.095031,32.303274,30758,2916
114.075031,32.123274,114.095031,32.323274,44212,3852
114.075031,32.123274,114.095031,32.343274,46217,3585
114.075031,32.123274,114.095031,32.363274,45193,3532
114.075031,32.123274,114.095031,32.383274,37515,4036
114.075031,32.123274,114.095031,32.403274,51852,5062
114.075031,32.123274,114.095031,32.423274,48888,4711
114.075031,32.123274,114.115031,31.843274,35507,2919
114.075031,32.123274,114.115031,31.863274,34408,2669
114.075031,32.123274,114.115031,31.883274,31711,2441
114.075031,32.123274,114.115031,31.903274,29204,2366
114.075031,32.123274,114.115031,31.923274,26298,2048
114.075031,32.123274,114.115031,31.943274,23350,1953
114.075031,32.123274,114.115031,31.963274,22859,1983
114.075031,32.123274,114.115031,31.983274,19060,1792
114.075031,32.123274,114.115031,32.003274,16810,1541
114.075031,32.123274,114.115031,32.023274,17234,1498
114.075031,32.123274,114.115031,32.043274,14409,1474
114.075031,32.123274,114.115031,32.063274,15691,1874
114.075031,32.123274,114.115031,32.083274,6952,805
114.075031,32.123274,114.115031,32.103274,7511,903
114.075031,32.123274,114.115031,32.123274,4525,584
114.075031,32.123274,114.115031,32.143274,5715,611
114.075031,32.123274,114.115031,32.163274,9000,972
114.075031,32.123274,114.115031,32.183274,10248,1064
114.075031,32.123274,114.115031,32.203274,15133,1477
114.075031,32.123274,114.115031,32.223274,19103,1618
114.075031,32.123274,114.115031,32.243274,24657,2228
114.075031,32.123274,114.115031,32.263274,27148,2601
114.075031,32.123274,114.115031,32.283274,34008,2868
114.075031,32.123274,114.115031,32.303274,44536,3211
114.075031,32.123274,114.115031,32.323274,41669,2918
114.075031,32.123274,114.115031,32.343274,40923,2953
114.075031,32.123274,114.115031,32.363274,42877,3100
114.075031,32.123274,114.115031,32.383274,44644,3351
114.075031,32.123274,114.115031,32.403274,46867,3512
114.075031,32.123274,114.115031,32.423274,51289,5007
114.075031,32.123274,114.135031,31.843274,41739,4919
114.075031,32.123274,114.135031,31.863274,33789,4010
114.075031,32.123274,114.135031,31.883274,34103,2615
114.075031,32.123274,114.135031,31.903274,29491,2335
114.075031,32.123274,114.135031,31.923274,28904,2518
114.075031,32.123274,114.135031,31.943274,26059,2032
114.075031,32.123274,114.135031,31.963274,25781,2785
114.075031,32.123274,114.135031,31.983274,19006,1736
114.075031,32.123274,114.135031,32.003274,17925,1523
114.075031,32.123274,114.135031,32.023274,20364,1891
114.075031,32.123274,114.135031,32.043274,15689,1580
114.075031,32.123274,114.135031,32.063274,12286,1277
114.075031,32.123274,114.135031,32.083274,9407,1012
114.075031,32.123274,114.135031,32.103274,8439,944
114.075031,32.123274,114.135031,32.123274,7213,820
114.075031,32.123274,114.135031,32.143274,7566,835
114.075031,32.123274,114.135031,32.163274,9572,1114
114.075031,32.123274,114.135031,32.183274,12592,1262
114.075031,32.123274,114.135031,32.203274,25673,2007
114.075031,32.123274,114.135031,32.223274,16997,1559
114.075031,32.123274,114.135031,32.243274,26590,2463
114.075031,32.123274,114.135031,32.263274,28044,2641
114.075031,32.123274,114.135031,32.283274,32170,2771
114.075031,32.123274,114.135031,32.303274,42440,2925
114.075031,32.123274,114.135031,32.323274,39129,2668
114.075031,32.123274,114.135031,32.343274,38634,2633
114.075031,32.123274,114.135031,32.363274,40785,2879
114.075031,32.123274,114.135031,32.383274,43937,3799
114.075031,32.123274,114.135031,32.403274,47295,3750
114.075031,32.123274,114.135031,32.423274,56476,5104
114.075031,32.123274,114.155031,31.843274,39886,3567
114.075031,32.123274,114.155031,31.863274,37086,3078
114.075031,32.123274,114.155031,31.883274,33196,2735
114.075031,32.123274,114.155031,31.903274,32135,2569
114.075031,32.123274,114.155031,31.923274,33152,2664
114.075031,32.123274,114.155031,31.943274,28003,2175
114.075031,32.123274,114.155031,31.963274,24105,2062
114.075031,32.123274,114.155031,31.983274,21361,1788
114.075031,32.123274,114.155031,32.003274,22076,1868
114.075031,32.123274,114.155031,32.023274,17248,1727
114.075031,32.123274,114.155031,32.043274,15238,1590
114.075031,32.123274,114.155031,32.063274,14554,1480
114.075031,32.123274,114.155031,32.083274,11418,1223
114.075031,32.123274,114.155031,32.103274,10412,1102
114.075031,32.123274,114.155031,32.123274,8478,902
114.075031,32.123274,114.155031,32.143274,9355,896
114.075031,32.123274,114.155031,32.163274,14508,1389
114.075031,32.123274,114.155031,32.183274,14346,1596
114.075031,32.123274,114.155031,32.203274,17402,1717
114.075031,32.123274,114.155031,32.223274,16352,1485
114.075031,32.123274,114.155031,32.243274,26404,2598
114.075031,32.123274,114.155031,32.263274,30435,2656
114.075031,32.123274,114.155031,32.283274,29554,2545
114.075031,32.123274,114.155031,32.303274,43778,3059
114.075031,32.123274,114.155031,32.323274,40206,2972
114.075031,32.123274,114.155031,32.343274,44963,3288
114.075031,32.123274,114.155031,32.363274,42663,2991
114.075031,32.123274,114.155031,32.383274,45106,3292
114.075031,32.123274,114.155031,32.403274,46516,3393
114.075031,32.123274,114.155031,32.423274,48845,3840
114.075031,32.123274,114.175031,31.843274,67558,5633
114.075031,32.123274,114.175031,31.863274,38390,3673
114.075031,32.123274,114.175031,31.883274,34342,2726
114.075031,32.123274,114.175031,31.903274,33450,2827
114.075031,32.123274,114.175031,31.923274,32367,4149
114.075031,32.123274,114.175031,31.943274,30291,2519
114.075031,32.123274,114.175031,31.963274,25845,2293
114.075031,32.123274,114.175031,31.983274,22269,1824
114.075031,32.123274,114.175031,32.003274,20103,2144
114.075031,32.123274,114.175031,32.023274,18969,1997
114.075031,32.123274,114.175031,32.043274,18584,1812
114.075031,32.123274,114.175031,32.063274,14892,1567
114.075031,32.123274,114.175031,32.083274,13893,1482
114.075031,32.123274,114.175031,32.103274,12537,1312
114.075031,32.123274,114.175031,32.123274,10377,1071
114.075031,32.123274,114.175031,32.143274,12329,1232
114.075031,32.123274,114.175031,32.163274,19022,1790
114.075031,32.123274,114.175031,32.183274,18436,1696
114.075031,32.123274,114.175031,32.203274,17638,1813
114.075031,32.123274,114.175031,32.223274,18435,1641
114.075031,32.123274,114.175031,32.243274,19848,1780
114.075031,32.123274,114.175031,32.263274,26153,2181
114.075031,32.123274,114.175031,32.283274,27313,2229
114.075031,32.123274,114.175031,32.303274,29401,2709
114.075031,32.123274,114.175031,32.323274,41513,3182
114.075031,32.123274,114.175031,32.343274,46929,4497
114.075031,32.123274,114.175031,32.363274,45142,3164
114.075031,32.123274,114.175031,32.383274,45914,4125
114.075031,32.123274,114.175031,32.403274,48923,5781
114.075031,32.123274,114.175031,32.423274,51842,4442
114.075031,32.123274,114.195031,31.843274,66519,4933
114.075031,32.123274,114.195031,31.863274,38463,3328
114.075031,32.123274,114.195031,31.883274,40141,4414
114.075031,32.123274,114.195031,31.903274,43139,6718
114.075031,32.123274,114.195031,31.923274,37472,4946
114.075031,32.123274,114.195031,31.943274,34654,2693
114.075031,32.123274,114.195031,31.963274,31150,2551
114.075031,32.123274,114.195031,31.983274,24342,1975
114.075031,32.123274,114.195031,32.003274,27540,2233
114.075031,32.123274,114.195031,32.023274,22089,2515
114.075031,32.123274,114.195031,32.043274,24092,3830
114.075031,32.123274,114.195031,32.063274,17213,2000
114.075031,32.123274,114.195031,32.083274,16063,1686
114.075031,32.123274,114.195031,32.103274,14806,1468
114.075031,32.123274,114.195031,32.123274,14707,1536
114.075031,32.123274,114.195031,32.143274,13329,1191
114.075031,32.123274,114.195031,32.163274,15805,1791
114.075031,32.123274,114.195031,32.183274,28343,2596
114.075031,32.123274,114.195031,32.203274,25413,2122
114.075031,32.123274,114.195031,32.223274,22493,1924
114.075031,32.123274,114.195031,32.243274,21018,1759
114.075031,32.123274,114.195031,32.263274,24016,2008
114.075031,32.123274,114.195031,32.283274,26815,2224
114.075031,32.123274,114.195031,32.303274,35239,2796
114.075031,32.123274,114.195031,32.323274,36771,2809
114.075031,32.123274,114.195031,32.343274,48669,3543
114.075031,32.123274,114.195031,32.363274,47188,3466
114.075031,32.123274,114.195031,32.383274,41351,3746
114.075031,32.123274,114.195031,32.403274,43243,3517
114.075031,32.123274,114.195031,32.423274,51342,4316
114.075031,32.123274,114.215031,31.843274,41493,4414
114.075031,32.123274,114.215031,31.863274,39093,3105
114.075031,32.123274,114.215031,31.883274,41581,3603
114.075031,32.123274,114.215031,31.903274,44829,7380
114.075031,32.123274,114.215031,31.923274,35726,2990
114.075031,32.123274,114.215031,31.943274,33198,2633
114.075031,32.123274,114.215031,31.963274,29899,2612
114.075031,32.123274,114.215031,31.983274,26678,2120
114.075031,32.123274,114.215031,32.003274,28730,2586
114.075031,32.123274,114.215031,32.023274,34583,2868
114.075031,32.123274,114.215031,32.043274,21631,3362
114.075031,32.123274,114.215031,32.063274,20529,2348
114.075031,32.123274,114.215031,32.083274,18174,1858
114.075031,32.123274,114.215031,32.103274,16878,1548
114.075031,32.123274,114.215031,32.123274,15929,1628
114.075031,32.123274,114.215031,32.143274,14995,1280
114.075031,32.123274,114.215031,32.163274,21597,2071
114.075031,32.123274,114.215031,32.183274,20695,1621
114.075031,32.123274,114.215031,32.203274,26135,2282
114.075031,32.123274,114.215031,32.223274,25724,3048
114.075031,32.123274,114.215031,32.243274,22550,1883
114.075031,32.123274,114.215031,32.263274,24059,1971
114.075031,32.123274,114.215031,32.283274,29540,2516
114.075031,32.123274,114.215031,32.303274,29811,2320
114.075031,32.123274,114.215031,32.323274,33385,2652
114.075031,32.123274,114.215031,32.343274,34555,2971
114.075031,32.123274,114.215031,32.363274,40592,3939
114.075031,32.123274,114.215031,32.383274,40440,3145
114.075031,32.123274,114.215031,32.403274,42189,3585
114.075031,32.123274,114.215031,32.423274,47127,3957
114.075031,32.123274,114.235031,31.843274,52488,3913
114.075031,32.123274,114.235031,31.863274,49992,3655
114.075031,32.123274,114.235031,31.883274,48173,3564
114.075031,32.123274,114.235031,31.903274,47999,3608
114.075031,32.123274,114.235031,31.923274,46176,5615
114.075031,32.123274,114.235031,31.943274,33786,3286
114.075031,32.123274,114.235031,31.963274,30366,2421
114.075031,32.123274,114.235031,31.983274,28786,2243
114.075031,32.123274,114.235031,32.003274,31356,2473
114.075031,32.123274,114.235031,32.023274,33462,2599
114.075031,32.123274,114.235031,32.043274,36989,2898
114.075031,32.123274,114.235031,32.063274,23299,2553
114.075031,32.123274,114.235031,32.083274,21249,2242
114.075031,32.123274,114.235031,32.103274,20894,1906
114.075031,32.123274,114.235031,32.123274,18294,1859
114.075031,32.123274,114.235031,32.143274,17053,1615
114.075031,32.123274,114.235031,32.163274,19990,1996
114.075031,32.123274,114.235031,32.183274,22104,2046
114.075031,32.123274,114.235031,32.203274,28619,3624
114.075031,32.123274,114.235031,32.223274,26261,2358
114.075031,32.123274,114.235031,32.243274,24433,2002
114.075031,32.123274,114.235031,32.263274,29679,2742
114.075031,32.123274,114.235031,32.283274,26889,2126
114.075031,32.123274,114.235031,32.303274,29745,2345
114.075031,32.123274,114.235031,32.323274,31459,2437
114.075031,32.123274,114.235031,32.343274,33276,2616
114.075031,32.123274,114.235031,32.363274,35880,2819
114.075031,32.123274,114.235031,32.383274,38174,2949
114.075031,32.123274,114.235031,32.403274,40843,3125
114.075031,32.123274,114.235031,32.423274,45095,3508
114.075031,32.123274,114.255031,31.843274,56070,4390
114.075031,32.123274,114.255031,31.863274,58136,4775
114.075031,32.123274,114.255031,31.883274,45658,3139
114.075031,32.123274,114.255031,31.903274,44945,3287
114.075031,32.123274,114.255031,31.923274,44171,4140
114.075031,32.123274,114.255031,31.943274,42257,4562
114.075031,32.123274,114.255031,31.963274,33129,2855
114.075031,32.123274,114.255031,31.983274,30886,2433
114.075031,32.123274,114.255031,32.003274,36509,3035
114.075031,32.123274,114.255031,32.023274,37189,3195
114.075031,32.123274,114.255031,32.043274,36497,2819
114.075031,32.123274,114.255031,32.063274,36022,3083
114.075031,32.123274,114.255031,32.083274,22566,2447
114.075031,32.123274,114.255031,32.103274,21211,1934
114.075031,32.123274,114.255031,32.123274,20431,1816
114.075031,32.123274,114.255031,32.143274,18194,1584
114.075031,32.123274,114.255031,32.163274,25818,2273
114.075031,32.123274,114.255031,32.183274,27793,2362
114.075031,32.123274,114.255031,32.203274,28915,2361
114.075031,32.123274,114.255031,32.223274,31992,2595
114.075031,32.123274,114.255031,32.243274,26326,2135
114.075031,32.123274,114.255031,32.263274,30639,2755
114.075031,32.123274,114.255031,32.283274,29237,2339
114.075031,32.123274,114.255031,32.303274,29788,2265
114.075031,32.123274,114.255031,32.323274,33230,2651
114.075031,32.123274,114.255031,32.343274,34776,2717
114.075031,32.123274,114.255031,32.363274,37256,3232
114.075031,32.123274,114.255031,32.383274,40411,3315
114.075031,32.123274,114.255031,32.403274,47962,4152
114.075031,32.123274,114.255031,32.423274,46397,3658
114.075031,32.123274,114.275031,31.843274,60233,4589
114.075031,32.123274,114.275031,31.863274,59719,5185
114.075031,32.123274,114.275031,31.883274,46523,3458
114.075031,32.123274,114.275031,31.903274,45385,3562
114.075031,32.123274,114.275031,31.923274,41587,3091
114.075031,32.123274,114.275031,31.943274,40302,3329
114.075031,32.123274,114.275031,31.963274,36860,2795
114.075031,32.123274,114.275031,31.983274,37800,2689
114.075031,32.123274,114.275031,32.003274,33538,2602
114.075031,32.123274,114.275031,32.023274,35868,3030
114.075031,32.123274,114.275031,32.043274,36005,3134
114.075031,32.123274,114.275031,32.063274,34868,3083
114.075031,32.123274,114.275031,32.083274,35499,3081
114.075031,32.123274,114.275031,32.103274,23080,2084
114.075031,32.123274,114.275031,32.123274,23782,2210
114.075031,32.123274,114.275031,32.143274,20685,1718
114.075031,32.123274,114.275031,32.163274,23767,1990
114.075031,32.123274,114.275031,32.183274,26207,2215
114.075031,32.123274,114.275031,32.203274,28856,2368
114.075031,32.123274,114.275031,32.223274,31236,2535
114.075031,32.123274,114.275031,32.243274,28349,2297
114.075031,32.123274,114.275031,32.263274,33453,2808
114.075031,32.123274,114.275031,32.283274,37400,3049
114.075031,32.123274,114.275031,32.303274,31406,2495
114.075031,32.123274,114.275031,32.323274,33514,2509
114.075031,32.123274,114.275031,32.343274,36619,2824
114.075031,32.123274,114.275031,32.363274,39326,4689
114.075031,32.123274,114.275031,32.383274,51623,4767
114.075031,32.123274,114.275031,32.403274,50740,4602
114.075031,32.123274,114.275031,32.423274,49440,4916
114.075031,32.123274,114.295031,31.843274,60850,4602
114.075031,32.123274,114.295031,31.863274,59088,5661
114.075031,32.123274,114.295031,31.883274,59007,5871
114.075031,32.123274,114.295031,31.903274,58747,6234
114.075031,32.123274,114.295031,31.923274,40790,3050
114.075031,32.123274,114.295031,31.943274,37833,2545
114.075031,32.123274,114.295031,31.963274,36504,2734
114.075031,32.123274,114.295031,31.983274,35871,2639
114.075031,32.123274,114.295031,32.003274,38557,3790
114.075031,32.123274,114.295031,32.023274,39709,3153
114.075031,32.123274,114.295031,32.043274,39377,3155
114.075031,32.123274,114.295031,32.063274,32460,2828
114.075031,32.123274,114.295031,32.083274,29697,2619
114.075031,32.123274,114.295031,32.103274,27904,2513
114.075031,32.123274,114.295031,32.123274,25315,2206
114.075031,32.123274,114.295031,32.143274,22973,2065
114.075031,32.123274,114.295031,32.163274,28908,2482
114.075031,32.123274,114.295031,32.183274,30927,2644
114.075031,32.123274,114.295031,32.203274,31990,2622
114.075031,32.123274,114.295031,32.223274,31247,2627
114.075031,32.123274,114.295031,32.243274,31142,2601
114.075031,32.123274,114.295031,32.263274,31766,2580
114.075031,32.123274,114.295031,32.283274,33776,2679
114.075031,32.123274,114.295031,32.303274,37383,2718
114.075031,32.123274,114.295031,32.323274,34669,2577
114.075031,32.123274,114.295031,32.343274,36727,2866
114.075031,32.123274,114.295031,32.363274,39536,4299
114.075031,32.123274,114.295031,32.383274,53228,5011
114.075031,32.123274,114.295031,32.403274,53073,5014
114.075031,32.123274,114.295031,32.423274,52232,6330
114.075031,32.123274,114.315031,31.843274,59684,4797
114.075031,32.123274,114.315031,31.863274,56887,4364
114.075031,32.123274,114.315031,31.883274,92915,5693
114.075031,32.123274,114.315031,31.903274,56481,4442
114.075031,32.123274,114.315031,31.923274,58365,4627
114.075031,32.123274,114.315031,31.943274,37832,2924
114.075031,32.123274,114.315031,31.963274,35755,2629
114.075031,32.123274,114.315031,31.983274,36444,2674
114.075031,32.123274,114.315031,32.003274,39277,3364
114.075031,32.123274,114.315031,32.023274,37479,3215
114.075031,32.123274,114.315031,32.043274,35175,3046
114.075031,32.123274,114.315031,32.063274,34156,3051
114.075031,32.123274,114.315031,32.083274,35321,3096
114.075031,32.123274,114.315031,32.103274,28368,2962
114.075031,32.123274,114.315031,32.123274,43315,3339
114.075031,32.123274,114.315031,32.143274,25396,2024
114.075031,32.123274,114.315031,32.163274,26305,2127
114.075031,32.123274,114.315031,32.183274,28703,2501
114.075031,32.123274,114.315031,32.203274,34821,2817
114.075031,32.123274,114.315031,32.223274,34898,2932
114.075031,32.123274,114.315031,32.243274,32420,2664
114.075031,32.123274,114.315031,32.263274,34680,2859
114.075031,32.123274,114.315031,32.283274,35448,2994
114.075031,32.123274,114.315031,32.303274,39343,2886
114.075031,32.123274,114.315031,32.323274,36927,2874
114.075031,32.123274,114.315031,32.343274,38202,3379
114.075031,32.123274,114.315031,32.363274,41331,5388
114.075031,32.123274,114.315031,32.383274,103726,8474
114.075031,32.123274,114.315031,32.403274,67352,6826
114.075031,32.123274,114.315031,32.423274,64756,6235
114.075031,32.123274,114.335031,31.843274,65358,5315
114.075031,32.123274,114.335031,31.863274,56858,4528
114.075031,32.123274,114.335031,31.883274,53638,4068
114.075031,32.123274,114.335031,31.903274,53204,4147
114.075031,32.123274,114.335031,31.923274,41392,3291
114.075031,32.123274,114.335031,31.943274,39063,2905
114.075031,32.123274,114.335031,31.963274,37267,2748
114.075031,32.123274,114.335031,31.983274,39695,2959
114.075031,32.123274,114.335031,32.003274,40710,3512
114.075031,32.123274,114.335031,32.023274,40883,4017
114.075031,32.123274,114.335031,32.043274,38639,3284
114.075031,32.123274,114.335031,32.063274,38483,3362
114.075031,32.123274,114.335031,32.083274,41941,3311
114.075031,32.123274,114.335031,32.103274,39324,3023
114.075031,32.123274,114.335031,32.123274,39154,3209
114.075031,32.123274,114.335031,32.143274,27009,2221
114.075031,32.123274,114.335031,32.163274,35747,2698
114.075031,32.123274,114.335031,32.183274,30316,2608
114.075031,32.123274,114.335031,32.203274,35463,3170
114.075031,32.123274,114.335031,32.223274,37811,3583
114.075031,32.123274,114.335031,32.243274,35038,2899
114.075031,32.123274,114.335031,32.263274,36407,3166
114.075031,32.123274,114.335031,32.283274,39616,3795
114.075031,32.123274,114.335031,32.303274,40419,3075
114.075031,32.123274,114.335031,32.323274,41708,3349
114.075031,32.123274,114.335031,32.343274,39609,3311
114.075031,32.123274,114.335031,32.363274,41787,5648
114.075031,32.123274,114.335031,32.383274,99193,7580
114.075031,32.123274,114.335031,32.403274,67721,7045
114.075031,32.123274,114.335031,32.423274,69140,7269
114.075031,32.123274,114.355031,31.843274,67079,5713
114.075031,32.123274,114.355031,31.863274,55083,4367
114.075031,32.123274,114.355031,31.883274,52335,3904
114.075031,32.123274,114.355031,31.903274,50819,3821
114.075031,32.123274,114.355031,31.923274,51368,3886
114.075031,32.123274,114.355031,31.943274,41244,3567
114.075031,32.123274,114.355031,31.963274,39125,2898
114.075031,32.123274,114.355031,31.983274,41437,3294
114.075031,32.123274,114.355031,32.003274,43100,3604
114.075031,32.123274,114.355031,32.023274,40347,3527
114.075031,32.123274,114.355031,32.043274,40392,3490
114.075031,32.123274,114.355031,32.063274,44177,3410
114.075031,32.123274,114.355031,32.083274,41251,3271
114.075031,32.123274,114.355031,32.103274,39704,3721
114.075031,32.123274,114.355031,32.123274,35874,2799
114.075031,32.123274,114.355031,32.143274,29734,2526
114.075031,32.123274,114.355031,32.163274,33493,2550
114.075031,32.123274,114.355031,32.183274,31186,2987
114.075031,32.123274,114.355031,32.203274,32426,2608
114.075031,32.123274,114.355031,32.223274,36316,3110
114.075031,32.123274,114.355031,32.243274,39304,3351
114.075031,32.123274,114.355031,32.263274,37258,3046
114.075031,32.123274,114.355031,32.283274,43584,3476
114.075031,32.123274,114.355031,32.303274,43257,3493
114.075031,32.123274,114.355031,32.323274,44843,4415
114.075031,32.123274,114.355031,32.343274,90048,6293
114.075031,32.123274,114.355031,32.363274,92182,6469
114.075031,32.123274,114.355031,32.383274,98391,7460
114.075031,32.123274,114.355031,32.403274,95966,7060
114.075031,32.123274,114.355031,32.423274,95818,7045
114.075031,32.123274,114.375031,31.843274,69541,5270
114.075031,32.123274,114.375031,31.863274,54395,4032
114.075031,32.123274,114.375031,31.883274,53102,4069
114.075031,32.123274,114.375031,31.903274,52638,4017
114.075031,32.123274,114.375031,31.923274,49454,3722
114.075031,32.123274,114.375031,31.943274,45754,3540
114.075031,32.123274,114.375031,31.963274,41558,3069
114.075031,32.123274,114.375031,31.983274,43791,3442
114.075031,32.123274,114.375031,32.003274,44316,3896
114.075031,32.123274,114.375031,32.023274,42706,4364
114.075031,32.123274,114.375031,32.043274,42728,3707
114.075031,32.123274,114.375031,32.063274,46269,3729
114.075031,32.123274,114.375031,32.083274,44720,3798
114.075031,32.123274,114.375031,32.103274,39092,3424
114.075031,32.123274,114.375031,32.123274,35585,2804
114.075031,32.123274,114.375031,32.143274,32740,2576
114.075031,32.123274,114.375031,32.163274,31716,2501
114.075031,32.123274,114.375031,32.183274,33678,2749
114.075031,32.123274,114.375031,32.203274,35366,3012
114.075031,32.123274,114.375031,32.223274,35566,2845
114.075031,32.123274,114.375031,32.243274,39354,3175
114.075031,32.123274,114.375031,32.263274,41179,3356
114.075031,32.123274,114.375031,32.283274,40367,3384
114.075031,32.123274,114.375031,32.303274,87883,6257
114.075031,32.123274,114.375031,32.323274,87949,6109
114.075031,32.123274,114.375031,32.343274,91049,7094
114.075031,32.123274,114.375031,32.363274,93300,7606
114.075031,32.123274,114.375031,32.383274,96175,7114
114.075031,32.123274,114.375031,32.403274,93917,6766
114.075031,32.123274,114.375031,32.423274,94118,6839
