lng,lat,distance,time
113.789209079,31.8453761739,62695,5763
113.789207214,31.8653802026,77963,6444
113.789205347,31.8853844205,68078,6816
113.789203479,31.9053887981,64151,6288
113.789201609,31.925393305,67466,6775
113.789199738,31.9453979105,67286,6791
113.789197865,31.9654025833,61298,5903
113.789195991,31.9854072919,57980,5541
113.789194115,32.0054120044,57607,5513
113.789192238,32.025416689,48462,4938
113.789190359,32.0454213138,46805,4598
113.789188478,32.0654258469,43163,3847
113.789186596,32.085430257,39557,3509
113.789184713,32.105434513,37698,3274
113.789182828,32.1254385842,34945,3105
113.789180941,32.1454424405,32891,2957
113.789179053,32.1654460528,34483,3182
113.789177163,32.1854493924,39634,4432
113.789175272,32.205452432,38220,3575
113.789173379,32.2254551448,41730,3486
113.789171485,32.2454575057,41571,3363
113.789169589,32.2654594902,37571,2952
113.789167692,32.2854610757,37181,2926
113.789165793,32.3054622406,37610,3344
113.789163892,32.3254629649,42563,3888
113.78916199,32.3454632302,43617,3995
113.789160087,32.3654630195,48287,4512
113.789158182,32.3854623178,48923,4655
113.789156275,32.4054611114,50952,4872
113.789154367,32.4254593888,53506,5210
113.809262069,31.845409547,62695,5762
113.809260215,31.8654135753,69000,7004
113.809258359,31.8854177928,68738,6934
113.809256502,31.9054221698,65310,6488
113.809254643,31.9254266763,60859,5844
113.809252783,31.9454312813,59278,5757
113.809250921,31.9654359537,63423,6115
113.809249058,31.9854406618,62194,5985
113.809247193,32.0054453739,54802,5156
113.809245327,32.025450058,50592,5486
113.809243459,32.0454546823,47729,4634
113.80924159,32.065459215,44882,4113
113.809239719,32.0854636246,43411,4046
113.809237847,32.1054678801,40286,3551
113.809235973,32.1254719508,34010,4026
113.809234097,32.1454758067,31296,2883
113.80923222,32.1654794185,34051,3303
113.809230342,32.1854827577,36924,3736
113.809228462,32.2054857967,36433,3487
113.80922658,32.2254885092,40449,3214
113.809224697,32.2454908695,38781,2997
113.809222813,32.2654928536,35661,2864
113.809220927,32.2854944386,34535,2726
113.809219039,32.305495603,35532,3021
113.80921715,32.3254963269,44433,4140
113.809215259,32.3454965917,51898,4883
113.809213367,32.3654963806,50468,4687
113.809211473,32.3854956783,50840,4694
113.809209577,32.4054944715,52245,4918
113.809207681,32.4254927485,56228,5514
113.829320068,31.8454468912,55448,5444
113.829318226,31.865450919,53604,4932
113.829316382,31.885455136,52431,5235
113.829314537,31.9054595126,66315,6675
113.829312691,31.9254640186,59115,5580
113.829310843,31.9454686232,57324,5291
113.829308993,31.9654732951,55645,5273
113.829307142,31.9854780027,52536,4723
113.829305289,32.0054827143,51903,5128
113.829303435,32.0254873979,51491,4706
113.82930158,32.0454920217,42299,4132
113.829299723,32.0654965539,39792,3821
113.829297864,32.0855009631,42230,4016
113.829296004,32.1055052181,44369,4528
113.829294142,32.1255092883,32487,3025
113.829292279,32.1455131437,29598,2836
113.829290414,32.1655167551,29043,2600
113.829288548,32.1855200938,36002,3467
113.82928668,32.2055231324,33393,3245
113.829284811,32.2255258443,38600,2951
113.82928294,32.2455282042,36312,2787
113.829281068,32.2655301878,34165,2654
113.829279194,32.2855317723,32909,2586
113.829277319,32.3055329363,35240,2870
113.829275442,32.3255336596,38200,3196
113.829273564,32.3455339239,41793,3407
113.829271684,32.3655337123,47591,3868
113.829269803,32.3855330096,48311,3866
113.82926792,32.4055318024,49379,4121
113.829266035,32.4255300788,47674,3677
113.849375847,31.8454820631,51478,4459
113.849374016,31.8654860904,50392,4438
113.849372184,31.885490307,52431,5235
113.849370351,31.9054946831,42903,3591
113.849368516,31.9254991886,43275,4089
113.849366679,31.9455037927,54984,5051
113.849364841,31.9655084641,54484,4928
113.849363002,31.9855131713,51999,4608
113.849361161,32.0055178824,49677,4411
113.849359319,32.0255225655,48528,4167
113.849357475,32.0455271889,47362,4060
113.849355629,32.0655317206,40214,3826
113.849353783,32.0855361293,36560,3378
113.849351934,32.1055403839,31094,2861
113.849350084,32.1255444536,29861,2621
113.849348233,32.1455483085,28216,2521
113.84934638,32.1655519194,25247,2177
113.849344526,32.1855552576,29842,2624
113.84934267,32.2055582957,31708,3289
113.849340812,32.2255610072,31094,2405
113.849338954,32.2455633666,28866,2239
113.849337093,32.2655653498,29709,3939
113.849335231,32.2855669338,33783,2532
113.849333368,32.3055680973,35766,3030
113.849331503,32.3255688202,37680,3092
113.849329636,32.345569084,41559,3662
113.849327768,32.3655688719,45320,3683
113.849325899,32.3855681688,46711,3851
113.849324028,32.405566961,46154,3579
113.849322155,32.425565237,46779,3441
113.869422294,31.8455090208,47046,3917
113.869420473,31.8655130477,44024,3613
113.86941865,31.8855172638,42892,3554
113.869416826,31.9055216394,42852,3584
113.869415001,31.9255261445,43275,4089
113.869413174,31.9455307481,44712,4593
113.869411346,31.9655354191,43406,4065
113.869409516,31.9855401258,42557,3829
113.869407685,32.0055448365,44587,4084
113.869405852,32.0255495192,46604,3970
113.869404018,32.0455541421,45161,3740
113.869402182,32.0655586734,37374,3413
113.869400345,32.0855630817,34842,3345
113.869398507,32.1055673357,32302,2832
113.869396667,32.125571405,30003,2843
113.869394825,32.1455752595,26342,2316
113.869392982,32.1655788699,23179,2021
113.869391137,32.1855822077,31610,3177
113.869389291,32.2055852454,30028,3022
113.869387443,32.2255879564,28354,2376
113.869385594,32.2455903154,26920,2119
113.869383744,32.2655922981,29949,3458
113.869381892,32.2855938817,36486,2783
113.869380038,32.3055950447,37671,3089
113.869378183,32.3255957672,39211,3276
113.869376326,32.3455960306,40963,3548
113.869374468,32.365595818,48467,3530
113.869372609,32.3855951144,45887,3254
113.869370747,32.4055939062,43578,3101
113.869368885,32.4255921818,43836,3205
113.889453429,31.8455226894,47466,3964
113.889451614,31.8655267159,44173,3630
113.889449798,31.8855309315,40731,3394
113.889447981,31.9055353068,41540,3478
113.889446162,31.9255398115,43971,4271
113.889444341,31.9455444147,37647,3358
113.889442519,31.9655490853,41089,3153
113.889440696,31.9855537916,40817,3607
113.889438871,32.0055585018,39770,3209
113.889437045,32.0255631842,42225,3430
113.889435217,32.0455678066,42596,3458
113.889433388,32.0655723375,37445,3240
113.889431557,32.0855767454,36258,3212
113.889429725,32.1055809991,35212,3131
113.889427891,32.125585068,29597,3385
113.889426056,32.1455889221,21283,2032
113.889424219,32.165592532,21847,1947
113.889422381,32.1855958694,24660,2190
113.889420541,32.2055989067,28712,2940
113.8894187,32.2256016173,26186,2705
113.889416857,32.2456039759,25206,2921
113.889415013,32.2656059582,28474,3303
113.889413167,32.2856075414,32156,3742
113.88941132,32.305608704,39469,3231
113.889409471,32.325609426,42433,3943
113.889407621,32.345609689,40230,3640
113.88940577,32.3656094761,45083,3052
113.889403916,32.3856087721,46211,3283
113.889402062,32.4056075635,42849,3062
113.889400206,32.4256058386,42305,3081
113.909465263,31.8455196932,37669,2889
113.909463451,31.8655237193,36618,2882
113.909461637,31.8855279346,39130,3163
113.909459822,31.9055323095,36714,2719
113.909458005,31.9255368138,35997,3014
113.909456186,31.9455414167,35694,3113
113.909454367,31.9655460869,39166,2991
113.909452545,31.9855507929,38990,3230
113.909450723,32.0055555028,39598,3171
113.909448898,32.0255601848,39423,3119
113.909447073,32.0455648069,44562,3810
113.909445246,32.0655693374,40078,3681
113.909443417,32.0855737449,41188,4381
113.909441587,32.1055779983,40338,4457
113.909439755,32.1255820668,20651,2473
113.909437922,32.1455859206,18760,1777
113.909436088,32.1655895302,20197,2040
113.909434251,32.1855928673,19145,2023
113.909432414,32.2055959042,28545,2788
113.909430575,32.2255986144,24888,2505
113.909428734,32.2456009726,23396,2423
113.909426892,32.2656029546,25567,2423
113.909425049,32.2856045374,31169,3125
113.909423204,32.3056056997,31984,3241
113.909421358,32.3256064214,38193,3173
113.90941951,32.345606684,37880,3133
113.90941766,32.3656064707,38231,3170
113.909415809,32.3856057664,40935,2781
113.909413957,32.4056045574,40037,2804
113.909412103,32.4256028322,40930,2827
113.929456378,31.8454988521,38183,3158
113.929454563,31.865502878,34712,2658
113.929452747,31.885507093,33821,2477
113.929450929,31.9055114676,34203,2640
113.92944911,31.9255159716,31517,2996
113.929447289,31.9455205742,32843,2881
113.929445467,31.9655252441,33348,2663
113.929443644,31.9855299498,34091,2690
113.929441819,32.0055346594,38528,3196
113.929439992,32.0255393411,44013,4036
113.929438164,32.0455439629,44534,4138
113.929436334,32.0655484932,46909,4771
113.929434503,32.0855529004,43912,5044
113.929432671,32.1055571534,44872,5282
113.929430837,32.1255612217,18607,2135
113.929429002,32.1455650751,16882,1617
113.929427165,32.1655686845,15874,1643
113.929425326,32.1855720212,17924,1762
113.929423486,32.2055750578,28292,3046
113.929421645,32.2255777678,26821,2682
113.929419802,32.2455801257,21344,1932
113.929417958,32.2655821073,24963,2540
113.929416112,32.2855836899,29291,2976
113.929414264,32.3055848519,31789,3225
113.929412416,32.3255855733,37296,3120
113.929410565,32.3455858356,34116,2846
113.929408713,32.3655856221,36573,3012
113.92940686,32.3855849174,40459,2737
113.929405005,32.4055837081,37293,2461
113.929403149,32.4255819826,39178,2692
113.949428149,31.8454613722,37794,3144
113.949426328,31.8654653978,35782,3103
113.949424505,31.8854696126,31759,2410
113.949422681,31.905473987,30547,2281
113.949420855,31.9254784907,27692,2173
113.949419028,31.9454830931,30009,2373
113.949417199,31.9654877628,32127,2507
113.949415369,31.9854924682,35488,2805
113.949413537,32.0054971776,40930,3960
113.949411704,32.025501859,45134,4411
113.94940987,32.0455064806,47232,4887
113.949408034,32.0655110106,47818,4994
113.949406196,32.0855154175,45512,5534
113.949404357,32.1055196703,45821,5639
113.949402516,32.1255237384,18861,2625
113.949400674,32.1455275916,17399,1968
113.949398831,32.1655312007,14503,1445
113.949396986,32.1855345372,20939,1713
113.949395139,32.2055375736,21970,1959
113.949393291,32.2255402833,19549,1672
113.949391442,32.2455426409,22391,2260
113.949389591,32.2655446223,26149,2477
113.949387738,32.2855462047,29130,2912
113.949385884,32.3055473664,31987,3195
113.949384029,32.3255480876,33708,2802
113.949382172,32.3455483497,32649,2798
113.949380313,32.3655481358,42642,2936
113.949378453,32.3855474309,40921,2783
113.949376592,32.4055462214,38106,2527
113.949374728,32.4255444957,39491,2634
113.96938458,31.8454107024,40469,4236
113.969382749,31.8654147277,34936,2768
113.969380917,31.8854189423,32124,2615
113.969379082,31.9054233165,30886,2429
113.969377247,31.9254278201,26656,2106
113.96937541,31.9454324222,24674,2079
113.969373571,31.9654370917,23034,1980
113.969371731,31.9854417969,20390,1734
113.96936989,32.0054465061,21702,2112
113.969368047,32.0254511873,17976,1943
113.969366202,32.0454558087,16897,3224
113.969364356,32.0654603385,16391,2169
113.969362508,32.0854647453,16063,2419
113.969360659,32.1054689979,15650,1996
113.969358809,32.1254730657,12653,1842
113.969356957,32.1454769187,11406,1194
113.969355103,32.1654805276,13230,1488
113.969353248,32.1854838639,14000,1480
113.969351392,32.2054869001,17493,1441
113.969349534,32.2254896096,16357,1381
113.969347674,32.2454919671,19299,2036
113.969345813,32.2654939483,24429,2345
113.969343951,32.2854955304,25600,2372
113.969342087,32.3054966919,27144,2739
113.969340221,32.3254974129,30865,2595
113.969338354,32.3454976748,33340,2784
113.969336485,32.3654974608,34178,3299
113.969334615,32.3854967557,43112,2946
113.969332744,32.405495546,40029,2693
113.969330871,32.42549382,41827,2819
113.989331767,31.8453520781,38029,3005
113.989329924,31.8653561033,35774,3382
113.98932808,31.8853603177,32834,2581
113.989326234,31.9053646917,32772,2579
113.989324386,31.9253691951,34083,2682
113.989322537,31.9453737971,25932,2065
113.989320687,31.9653784664,22416,1888
113.989318835,31.9853831714,20699,1896
113.989316981,32.0053878804,17316,1503
113.989315126,32.0253925615,16137,1460
113.98931327,32.0453971827,15613,2300
113.989311412,32.0654017123,15361,2397
113.989309553,32.0854061189,14254,1913
113.989307692,32.1054103713,15292,1667
113.989305829,32.125414439,9869,1175
113.989303965,32.1454182918,9852,1076
113.9893021,32.1654219005,11062,1005
113.989300233,32.1854252367,12845,1271
113.989298364,32.2054282727,14307,1243
113.989296494,32.225430982,15385,1368
113.989294622,32.2454333393,18613,1592
113.989292749,32.2654353203,22314,2056
113.989290875,32.2854369023,22784,1961
113.989288999,32.3054380636,23643,1770
113.989287121,32.3254387844,27049,2317
113.989285242,32.3454390461,30104,2602
113.989283361,32.365438832,32803,3121
113.989281479,32.3854381267,43777,3242
113.989279595,32.4054369168,38325,3116
113.98927771,32.4254351907,39014,3180
114.009277071,31.8452918152,43702,3244
114.009275215,31.8652958402,37884,4936
114.009273359,31.8853000545,36563,3667
114.0092715,31.9053044283,32651,3638
114.009269641,31.9253089315,32567,2845
114.009267779,31.9453135333,30370,2780
114.009265917,31.9653182025,29202,2538
114.009264052,31.9853229073,21392,2152
114.009262187,32.0053276162,18864,1652
114.009260319,32.025332297,15934,1526
114.009258451,32.0453369181,13980,1690
114.00925658,32.0653414476,11592,1366
114.009254708,32.085345854,11267,1098
114.009252835,32.1053501062,7114,832
114.00925096,32.1253541737,9976,1159
114.009249084,32.1453580263,8387,761
114.009247206,32.1653616349,9851,858
114.009245327,32.1853649709,15738,1422
114.009243446,32.2053680067,12775,1182
114.009241563,32.2253707159,18309,1741
114.009239679,32.245373073,18457,1650
114.009237793,32.2653750538,20613,1883
114.009235906,32.2853766356,20626,1809
114.009234018,32.3053777968,22694,1992
114.009232128,32.3253785174,25297,2167
114.009230236,32.345378779,27254,2463
114.009228343,32.3653785646,31858,3102
114.009226448,32.3853778592,35914,3497
114.009224551,32.4053766491,36703,3056
114.009222654,32.4253749228,37664,3325
114.029228113,31.8452364522,44848,3483
114.029226247,31.865240477,36678,3458
114.029224379,31.885244691,35630,3951
114.02922251,31.9052490647,31331,3468
114.029220639,31.9252535677,29992,2686
114.029218767,31.9452581694,31625,4028
114.029216893,31.9652628383,21889,2457
114.029215018,31.985267543,19626,2055
114.029213141,32.0052722516,16392,1715
114.029211263,32.0252769323,15141,1592
114.029209383,32.0452815532,12280,1275
114.029207501,32.0652860825,9452,973
114.029205618,32.0852904887,9317,960
114.029203734,32.1052947408,5120,571
114.029201848,32.125298808,4436,650
114.02919996,32.1453026605,5879,601
114.029198071,32.1653062689,8969,1015
114.029196181,32.1853096047,10934,1089
114.029194289,32.2053126403,12393,2050
114.029192395,32.2253153493,20553,1759
114.0291905,32.2453177062,16975,1537
114.029188603,32.2653196869,19338,1704
114.029186705,32.2853212685,19593,1729
114.029184805,32.3053224295,21978,2072
114.029182903,32.3253231499,24275,2105
114.029181,32.3453234113,26338,2253
114.029179096,32.3653231968,30093,2531
114.02917719,32.3853224911,30820,2558
114.029175282,32.4053212809,33853,2786
114.029173373,32.4253195544,35287,2905
114.049191737,31.8451918616,39860,3204
114.049189862,31.8651958863,35309,3505
114.049187986,31.8852001001,33852,3230
114.049186109,31.9052044735,30585,2789
114.049184229,31.9252089763,27737,2340
114.049182349,31.9452135777,26013,4064
114.049180467,31.9652182465,23877,3696
114.049178583,31.9852229509,19865,2647
114.049176698,32.0052276594,18759,2165
114.049174811,32.0252323398,14508,1682
114.049172923,32.0452369605,11833,1177
114.049171033,32.0652414895,9142,1070
114.049169142,32.0852458955,6728,742
114.049167249,32.1052501474,3955,493
114.049165355,32.1252542144,2478,334
114.049163459,32.1452580667,3451,434
114.049161561,32.1652616748,7420,839
114.049159662,32.1852650104,8196,909
114.049157762,32.2052680458,9744,1068
114.04915586,32.2252707546,12426,1212
114.049153956,32.2452731113,14980,1386
114.049152051,32.2652750918,17737,1586
114.049150144,32.2852766731,19247,1834
114.049148236,32.3052778339,22823,2020
114.049146326,32.3252785541,26913,2389
114.049144415,32.3452788153,28666,2729
114.049142502,32.3652786005,29945,3462
114.049140587,32.3852778947,34290,3389
114.049138671,32.4052766842,35713,4270
114.049136753,32.4252749575,36696,3099
114.069173072,31.8451624549,33413,2433
114.069171193,31.8651664793,34397,3435
114.069169312,31.8851706928,30043,2272
114.06916743,31.905175066,31074,3181
114.069165547,31.9251795686,25548,2092
114.069163662,31.9451841697,23879,2410
114.069161775,31.9651888381,20624,1857
114.069159887,31.9851935424,17940,2310
114.069157997,32.0051982505,15847,1371
114.069156106,32.0252029307,14841,1510
114.069154214,32.0452075511,11449,1205
114.069152319,32.0652120799,8847,1002
114.069150423,32.0852164856,6145,847
114.069148526,32.1052207372,3275,463
114.069146627,32.125224804,156,38
114.069144727,32.145228656,3305,414
114.069142825,32.1652322638,6052,734
114.069140921,32.1852355991,8542,977
114.069139016,32.2052386343,11134,1179
114.06913711,32.2252413428,14904,1668
114.069135201,32.2452436992,22592,2088
114.069133292,32.2652456794,20991,1887
114.06913138,32.2852472605,21262,1955
114.069129468,32.3052484211,23240,2173
114.069127553,32.325249141,27683,2437
114.069125637,32.3452494019,46233,3803
114.06912372,32.3652491869,31853,3977
114.0691218,32.3852484807,35913,3494
114.06911988,32.40524727,39937,4397
114.069117958,32.4252455431,48025,4440
114.089174845,31.8451505909,32462,2716
114.089172966,31.865154615,31193,2340
114.089171085,31.8851588282,28497,2146
114.089169203,31.9051632011,26210,1972
114.08916732,31.9251677033,23899,1867
114.089165435,31.9451723041,21625,1713
114.089163548,31.9651769722,19831,1580
114.08916166,31.9851816761,26057,2392
114.08915977,32.0051863839,15434,1919
114.089157879,32.0251910638,13573,1192
114.089155986,32.0451956839,15777,1348
114.089154092,32.0652002123,10315,1316
114.089152196,32.0852046177,7257,949
114.089150299,32.105208869,3719,545
114.0891484,32.1252129355,3424,487
114.089146499,32.1452167871,3988,464
114.089144597,32.1652203947,9744,1005
114.089142694,32.1852237297,9082,962
114.089140789,32.2052267645,12187,1218
114.089138882,32.2252294727,21252,1799
114.089136974,32.2452318288,22751,2097
114.089135064,32.2652338087,24717,2447
114.089133153,32.2852353894,27101,2729
114.08913124,32.3052365496,30758,2916
114.089129325,32.3252372693,44212,3852
114.089127409,32.3452375298,46217,3585
114.089125492,32.3652373145,45193,3532
114.089123573,32.385236608,37515,4036
114.089121652,32.405235397,51852,5062
114.08911973,32.4252336697,48888,4711
114.109197023,31.8451562721,35507,2919
114.109195148,31.8651602958,34408,2669
114.109193272,31.8851645087,31711,2441
114.109191394,31.9051688811,29204,2366
114.109189515,31.925173383,26298,2048
114.109187634,31.9451779834,23350,1953
114.109185752,31.9651826512,22859,1983
114.109183868,31.9851873547,19060,1792
114.109181983,32.0051920621,16810,1541
114.109180096,32.0251967416,17234,1498
114.109178208,32.0452013613,14409,1474
114.109176318,32.0652058894,15691,1874
114.109174427,32.0852102944,6952,805
114.109172534,32.1052145453,7511,903
114.109170639,32.1252186114,4525,584
114.109168743,32.1452224626,5715,611
114.109166846,32.1652260698,9000,972
114.109164946,32.1852294044,10248,1064
114.109163046,32.2052324389,15133,1477
114.109161144,32.2252351467,19103,1618
114.10915924,32.2452375024,24657,2228
114.109157334,32.2652394819,27148,2601
114.109155428,32.2852410623,34008,2868
114.109153519,32.3052422221,44536,3211
114.109151609,32.3252429414,41669,2918
114.109149698,32.3452432016,40923,2953
114.109147785,32.3652429858,42877,3100
114.10914587,32.385242279,44644,3351
114.109143954,32.4052410676,46867,3512
114.109142036,32.4252393399,51289,5007
114.129236841,31.8451771698,41739,4919
114.129234975,31.865181193,33789,4010
114.129233107,31.8851854054,34103,2615
114.129231237,31.9051897775,29491,2335
114.129229366,31.9251942789,28904,2518
114.129227494,31.9451988789,26059,2032
114.12922562,31.9652035462,25781,2785
114.129223744,31.9852082493,19006,1736
114.129221867,32.0052129563,17925,1523
114.129219989,32.0252176354,20364,1891
114.129218109,32.0452222546,15689,1580
114.129216227,32.0652267823,12286,1277
114.129214344,32.0852311869,9407,1012
114.129212459,32.1052354373,8439,944
114.129210573,32.125239503,7213,820
114.129208685,32.1452433539,7566,835
114.129206796,32.1652469606,9572,1114
114.129204905,32.1852502948,12592,1262
114.129203013,32.2052533288,25673,2007
114.129201119,32.2252560362,16997,1559
114.129199223,32.2452583915,26590,2463
114.129197326,32.2652603706,28044,2641
114.129195428,32.2852619505,32170,2771
114.129193528,32.3052631099,42440,2925
114.129191626,32.3252638287,39129,2668
114.129189723,32.3452640885,38634,2633
114.129187818,32.3652638723,40785,2879
114.129185912,32.3852631651,43937,3799
114.129184004,32.4052619533,47295,3750
114.129182095,32.4252602252,56476,5104
114.149289217,31.8452089743,39886,3567
114.149287362,31.8652129971,37086,3078
114.149285505,31.885217209,33196,2735
114.149283646,31.9052215806,32135,2569
114.149281786,31.9252260816,33152,2664
114.149279924,31.9452306811,28003,2175
114.149278061,31.965235348,24105,2062
114.149276197,31.9852400506,21361,1788
114.149274331,32.0052447571,22076,1868
114.149272463,32.0252494358,17248,1727
114.149270594,32.0452540545,15238,1590
114.149268723,32.0652585817,14554,1480
114.149266851,32.0852629859,11418,1223
114.149264978,32.1052672359,10412,1102
114.149263102,32.1252713011,8478,902
114.149261226,32.1452751515,9355,896
114.149259347,32.1652787578,14508,1389
114.149257468,32.1852820915,14346,1596
114.149255586,32.205285125,17402,1717
114.149253704,32.2252878319,16352,1485
114.149251819,32.2452901868,26404,2598
114.149249933,32.2652921654,30435,2656
114.149248046,32.2852937449,29554,2545
114.149246157,32.3052949039,43778,3059
114.149244267,32.3252956222,40206,2972
114.149242374,32.3452958815,44963,3288
114.149240481,32.3652956649,42663,2991
114.149238586,32.3852949572,45106,3292
114.149236689,32.4052937449,46516,3393
114.149234791,32.4252920163,48845,3840
114.169347481,31.8452460218,67558,5633
114.169345638,31.8652500441,38390,3673
114.169343793,31.8852542555,34342,2726
114.169341947,31.9052586266,33450,2827
114.169340099,31.9252631271,32367,4149
114.16933825,31.9452677262,30291,2519
114.169336399,31.9652723926,25845,2293
114.169334546,31.9852770947,22269,1824
114.169332692,32.0052818008,20103,2144
114.169330837,32.0252864789,18969,1997
114.16932898,32.0452910972,18584,1812
114.169327122,32.065295624,14892,1567
114.169325262,32.0853000276,13893,1482
114.169323401,32.1053042771,12537,1312
114.169321538,32.1253083419,10377,1071
114.169319673,32.1453121918,12329,1232
114.169317808,32.1653157976,19022,1790
114.16931594,32.1853191308,18436,1696
114.169314071,32.2053221639,17638,1813
114.169312201,32.2253248704,18435,1641
114.169310329,32.2453272247,19848,1780
114.169308455,32.2653292029,26153,2181
114.16930658,32.2853307819,27313,2229
114.169304704,32.3053319403,29401,2709
114.169302826,32.3253326582,41513,3182
114.169300946,32.345332917,46929,4497
114.169299065,32.3653326999,45142,3164
114.169297183,32.3853319917,45914,4125
114.169295298,32.405330779,48923,5781
114.169293413,32.4253290499,51842,4442
114.189404332,31.8452821075,66519,4933
114.189402501,31.8652861293,38463,3328
114.189400668,31.8852903403,40141,4414
114.189398833,31.9052947109,43139,6718
114.189396997,31.9252992109,37472,4946
114.18939516,31.9453038095,34654,2693
114.189393321,31.9653084754,31150,2551
114.18939148,31.9853131771,24342,1975
114.189389638,32.0053178827,27540,2233
114.189387795,32.0253225604,22089,2515
114.18938595,32.0453271782,24092,3830
114.189384104,32.0653317044,17213,2000
114.189382256,32.0853361076,16063,1686
114.189380406,32.1053403567,14806,1468
114.189378556,32.1253444209,14707,1536
114.189376703,32.1453482704,13329,1191
114.189374849,32.1653518757,15805,1791
114.189372994,32.1853552085,28343,2596
114.189371137,32.2053582411,25413,2122
114.189369279,32.225360947,22493,1924
114.189367419,32.2453633009,21018,1759
114.189365557,32.2653652786,24016,2008
114.189363695,32.2853668571,26815,2224
114.18936183,32.3053680151,35239,2796
114.189359964,32.3253687325,36771,2809
114.189358097,32.3453689909,48669,3543
114.189356228,32.3653687733,47188,3466
114.189354357,32.3853680646,41351,3746
114.189352486,32.4053668514,43243,3517
114.189350612,32.4253651219,51342,4316
114.209452874,31.8453113724,41493,4414
114.209451052,31.8653153938,39093,3105
114.209449229,31.8853196043,41581,3603
114.209447405,31.9053239745,44829,7380
114.209445579,31.925328474,35726,2990
114.209443752,31.9453330722,33198,2633
114.209441923,31.9653377376,29899,2612
114.209440093,31.9853424389,26678,2120
114.209438261,32.005347144,28730,2586
114.209436428,32.0253518212,34583,2868
114.209434593,32.0453564386,21631,3362
114.209432757,32.0653609644,20529,2348
114.209430919,32.0853653671,18174,1858
114.20942908,32.1053696157,16878,1548
114.209427239,32.1253736795,15929,1628
114.209425397,32.1453775285,14995,1280
114.209423553,32.1653811334,21597,2071
114.209421708,32.1853844657,20695,1621
114.209419861,32.2053874978,26135,2282
114.209418013,32.2253902033,25724,3048
114.209416164,32.2453925568,22550,1883
114.209414313,32.265394534,24059,1971
114.20941246,32.2853961121,29540,2516
114.209410606,32.3053972696,29811,2320
114.20940875,32.3253979866,33385,2652
114.209406893,32.3453982445,34555,2971
114.209405034,32.3653980264,40592,3939
114.209403174,32.3853973173,40440,3145
114.209401313,32.4053961036,42189,3585
114.20939945,32.4253943736,47127,3957
114.229487595,31.845329138,52488,3913
114.229485781,31.8653331589,49992,3655
114.229483965,31.8853373691,48173,3564
114.229482148,31.9053417388,47999,3608
114.229480329,31.925346238,46176,5615
114.229478509,31.9453508357,33786,3286
114.229476687,31.9653555007,30366,2421
114.229474864,31.9853602015,28786,2243
114.229473039,32.0053649063,31356,2473
114.229471213,32.0253695831,33462,2599
114.229469385,32.0453742,36989,2898
114.229467556,32.0653787254,23299,2553
114.229465726,32.0853831277,21249,2242
114.229463894,32.1053873759,20894,1906
114.22946206,32.1253914393,18294,1859
114.229460225,32.1453952878,17053,1615
114.229458389,32.1653988923,19990,1996
114.229456551,32.1854022242,22104,2046
114.229454711,32.2054052559,28619,3624
114.22945287,32.225407961,26261,2358
114.229451028,32.245410314,24433,2002
114.229449184,32.2654122908,29679,2742
114.229447339,32.2854138685,26889,2126
114.229445492,32.3054150256,29745,2345
114.229443643,32.3254157421,31459,2437
114.229441794,32.3454159996,33276,2616
114.229439942,32.3654157812,35880,2819
114.229438089,32.3854150716,38174,2949
114.229436235,32.4054138575,40843,3125
114.229434379,32.4254121271,45095,3508
114.249505149,31.8453325714,56070,4390
114.249503338,31.865336592,58136,4775
114.249501525,31.8853408018,45658,3139
114.249499711,31.9053451712,44945,3287
114.249497896,31.9253496699,44171,4140
114.249496079,31.9453542673,42257,4562
114.249494261,31.965358932,33129,2855
114.249492441,31.9853636324,30886,2433
114.249490619,32.0053683368,36509,3035
114.249488797,32.0253730132,37189,3195
114.249486973,32.0453776298,36497,2819
114.249485147,32.0653821548,36022,3083
114.24948332,32.0853865567,22566,2447
114.249481491,32.1053908045,21211,1934
114.249479661,32.1253948675,20431,1816
114.249477829,32.1453987157,18194,1584
114.249475996,32.1654023198,25818,2273
114.249474162,32.1854056513,27793,2362
114.249472326,32.2054086827,28915,2361
114.249470488,32.2254113874,31992,2595
114.249468649,32.2454137401,26326,2135
114.249466809,32.2654157165,30639,2755
114.249464967,32.2854172938,29237,2339
114.249463124,32.3054184506,29788,2265
114.249461279,32.3254191667,33230,2651
114.249459432,32.3454194238,34776,2717
114.249457584,32.365419205,37256,3232
114.249455735,32.3854184951,40411,3315
114.249453884,32.4054172806,47962,4152
114.249452032,32.4254155498,46397,3658
114.269504822,31.8453210883,60233,4589
114.26950301,31.8653251086,59719,5185
114.269501197,31.885329318,46523,3458
114.269499383,31.9053336871,45385,3562
114.269497567,31.9253381855,41587,3091
114.269495749,31.9453427825,40302,3329
114.269493931,31.9653474469,36860,2795
114.26949211,31.985352147,37800,2689
114.269490289,32.005356851,33538,2602
114.269488465,32.0253615271,35868,3030
114.269486641,32.0453661434,36005,3134
114.269484814,32.0653706681,34868,3083
114.269482987,32.0853750697,35499,3081
114.269481158,32.1053793172,23080,2084
114.269479327,32.1253833798,23782,2210
114.269477495,32.1453872277,20685,1718
114.269475661,32.1653908315,23767,1990
114.269473826,32.1853941627,26207,2215
114.26947199,32.2053971937,28856,2368
114.269470152,32.2253998981,31236,2535
114.269468312,32.2454022505,28349,2297
114.269466471,32.2654042266,33453,2808
114.269464629,32.2854058035,37400,3049
114.269462785,32.30540696,31406,2495
114.26946094,32.3254076758,33514,2509
114.269459093,32.3454079326,36619,2824
114.269457244,32.3654077134,39326,4689
114.269455394,32.3854070032,51623,4767
114.269453543,32.4054057884,50740,4602
114.26945169,32.4254040573,49440,4916
114.289488635,31.8452964354,60850,4602
114.289486819,31.8653004554,59088,5661
114.289485002,31.8853046645,59007,5871
114.289483184,31.9053090333,58747,6234
114.289481364,31.9253135315,40790,3050
114.289479543,31.9453181282,37833,2545
114.28947772,31.9653227923,36504,2734
114.289475896,31.9853274921,35871,2639
114.28947407,32.0053321958,38557,3790
114.289472243,32.0253368717,39709,3153
114.289470414,32.0453414876,39377,3155
114.289468584,32.065346012,32460,2828
114.289466752,32.0853504134,29697,2619
114.289464919,32.1053546606,27904,2513
114.289463085,32.125358723,25315,2206
114.289461249,32.1453625706,22973,2065
114.289459411,32.165366174,28908,2482
114.289457572,32.185369505,30927,2644
114.289455732,32.2053725357,31990,2622
114.28945389,32.2253752398,31247,2627
114.289452046,32.2453775919,31142,2601
114.289450201,32.2653795677,31766,2580
114.289448355,32.2853811444,33776,2679
114.289446507,32.3053823005,37383,2718
114.289444657,32.3253830161,34669,2577
114.289442807,32.3453832726,36727,2866
114.289440954,32.3653830531,39536,4299
114.2894391,32.3853823426,53228,5011
114.289437245,32.4053811275,53073,5014
114.289435388,32.4253793962,52232,6330
114.309461049,31.8452624426,59684,4797
114.309459228,31.8652664624,56887,4364
114.309457404,31.8852706713,92915,5693
114.30945558,31.9052750398,56481,4442
114.309453753,31.9252795377,58365,4627
114.309451926,31.9452841342,37832,2924
114.309450096,31.965288798,35755,2629
114.309448266,31.9852934976,36444,2674
114.309446434,32.0052982011,39277,3364
114.3094446,32.0253028766,37479,3215
114.309442765,32.0453074924,35175,3046
114.309440928,32.0653120165,34156,3051
114.30943909,32.0853164176,35321,3096
114.309437251,32.1053206645,28368,2962
114.30943541,32.1253247267,43315,3339
114.309433567,32.145328574,25396,2024
114.309431723,32.1653321773,26305,2127
114.309429878,32.1853355079,28703,2501
114.309428031,32.2053385384,34821,2817
114.309426182,32.2253412423,34898,2932
114.309424332,32.2453435941,32420,2664
114.309422481,32.2653455696,34680,2859
114.309420628,32.2853471461,35448,2994
114.309418774,32.305348302,39343,2886
114.309416918,32.3253490172,36927,2874
114.30941506,32.3453492735,38202,3379
114.309413201,32.3653490538,41331,5388
114.309411341,32.385348343,103726,8474
114.309409479,32.4053471277,67352,6826
114.309407615,32.4253453961,64756,6235
114.329428333,31.8452244788,65358,5315
114.329426504,31.8652284983,56858,4528
114.329424673,31.885232707,53638,4068
114.329422841,31.9052370753,53204,4147
114.329421007,31.9252415729,41392,3291
114.329419172,31.9452461692,39063,2905
114.329417335,31.9652508328,37267,2748
114.329415497,31.9852555321,39695,2959
114.329413657,32.0052602353,40710,3512
114.329411816,32.0252649107,40883,4017
114.329409974,32.0452695261,38639,3284
114.329408129,32.06527405,38483,3362
114.329406284,32.0852784509,41941,3311
114.329404437,32.1052826976,39324,3023
114.329402588,32.1252867595,39154,3209
114.329400738,32.1452906066,27009,2221
114.329398886,32.1652942096,35747,2698
114.329397033,32.18529754,30316,2608
114.329395179,32.2053005703,35463,3170
114.329393323,32.2253032739,37811,3583
114.329391465,32.2453056254,35038,2899
114.329389606,32.2653076008,36407,3166
114.329387746,32.285309177,39616,3795
114.329385883,32.3053103326,40419,3075
114.32938402,32.3253110477,41708,3349
114.329382155,32.3453113037,39609,3311
114.329380288,32.3653110838,41787,5648
114.32937842,32.3853103727,99193,7580
114.32937655,32.4053091572,67721,7045
114.329374679,32.4253074253,69140,7269
114.349397662,31.8451886874,67079,5713
114.349395826,31.8651927067,55083,4367
114.349393988,31.8851969151,52335,3904
114.349392148,31.9052012831,50819,3821
114.349390308,31.9252057805,51368,3886
114.349388465,31.9452103765,41244,3567
114.349386622,31.9652150398,39125,2898
114.349384776,31.9852197389,41437,3294
114.34938293,32.0052244419,43100,3604
114.349381081,32.025229117,40347,3527
114.349379232,32.0452337322,40392,3490
114.34937738,32.0652382559,44177,3410
114.349375528,32.0852426565,41251,3271
114.349373673,32.1052469029,39704,3721
114.349371818,32.1252509646,35874,2799
114.34936996,32.1452548115,29734,2526
114.349368102,32.1652584142,33493,2550
114.349366241,32.1852617444,31186,2987
114.34936438,32.2052647744,32426,2608
114.349362517,32.2252674778,36316,3110
114.349360652,32.2452698291,39304,3351
114.349358785,32.2652718041,37258,3046
114.349356918,32.2852733801,43584,3476
114.349355048,32.3052745355,43257,3493
114.349353178,32.3252752503,44843,4415
114.349351305,32.3452755061,90048,6293
114.349349432,32.3652752859,92182,6469
114.349347556,32.3852745746,98391,7460
114.349345679,32.4052733588,95966,7060
114.349343801,32.4252716267,95818,7045
114.369376095,31.8451611102,69541,5270
114.369374253,31.8651651291,54395,4032
114.36937241,31.8851693373,53102,4069
114.369370566,31.905173705,52638,4017
114.36936872,31.9251782022,49454,3722
114.369366873,31.9451827979,45754,3540
114.369365024,31.965187461,41558,3069
114.369363173,31.9851921598,43791,3442
114.369361321,32.0051968625,44316,3896
114.369359468,32.0252015373,42706,4364
114.369357613,32.0452061523,42728,3707
114.369355757,32.0652106757,46269,3729
114.369353899,32.085215076,44720,3798
114.36935204,32.1052193222,39092,3424
114.369350179,32.1252233835,35585,2804
114.369348316,32.1452272301,32740,2576
114.369346453,32.1652308326,31716,2501
114.369344587,32.1852341625,33678,2749
114.36934272,32.2052371922,35366,3012
114.369340852,32.2252398953,35566,2845
114.369338982,32.2452422464,39354,3175
114.36933711,32.2652442212,41179,3356
114.369335238,32.2852457969,40367,3384
114.369333363,32.305246952,87883,6257
114.369331487,32.3252476665,87949,6109
114.36932961,32.345247922,91049,7094
114.369327731,32.3652477016,93300,7606
114.36932585,32.38524699,96175,7114
114.369323968,32.4052457739,93917,6766
114.369322084,32.4252440415,94118,6839
