lng,lat,distance,time
113.589292395,31.6455041123,126749,8344
113.589290563,31.6655048489,105359,7443
113.58928873,31.6855060109,106492,7587
113.589286895,31.7055075808,105442,7060
113.589285058,31.7255095396,106253,7268
113.58928322,31.7455118669,108813,7526
113.589281381,31.7655145406,87565,6991
113.58927954,31.7855175375,85511,6700
113.589277697,31.8055208328,87201,6691
113.589275853,31.8255244009,88285,6826
113.589274008,31.8455282148,90739,6943
113.589272161,31.8655322467,93531,6963
113.589270312,31.8855364678,105348,7498
113.589268462,31.9055408484,105717,7580
113.589266611,31.9255453585,98302,6983
113.589264758,31.9455499671,93850,6604
113.589262903,31.9655546431,96093,8144
113.589261047,31.9855593548,93140,7802
113.58925919,32.0055640704,92673,7781
113.589257331,32.0255687582,84077,7237
113.58925547,32.045573386,83014,7141
113.589253608,32.0655779223,81653,7078
113.589251744,32.0855823356,81233,7392
113.589249879,32.1055865946,81057,9384
113.589248013,32.1255906689,81681,9841
113.589246145,32.1455945284,68516,6133
113.589244275,32.1655981438,68981,6301
113.589242404,32.1856014866,66820,6581
113.589240531,32.2056045292,67904,6570
113.589238657,32.2256072452,67904,6567
113.589236781,32.2456096092,61957,6559
113.589234904,32.2656115969,61408,6432
113.589233025,32.2856131855,59687,6130
113.589231145,32.3056143535,60439,6006
113.589229263,32.3256150809,59474,5729
113.589227379,32.3456153493,57849,5498
113.589225494,32.3656151418,61029,5812
113.589223608,32.3856144431,64934,6118
113.58922172,32.4056132399,81513,4636
113.58921983,32.4256115205,79937,4438
113.589217939,32.4456092748,80863,4446
113.589216047,32.4656064949,83183,4660
113.589214152,32.4856031746,85677,4837
113.589212257,32.5055993096,76356,5075
113.589210359,32.5255948973,79697,4628
113.58920846,32.5455899375,80652,4888
113.58920656,32.5655844313,79607,4520
113.589204658,32.585578382,79662,4506
113.589202755,32.6055717948,80848,4648
113.589200849,32.6255646766,85077,5186
113.609293876,31.6454978148,108821,8007
113.609292044,31.6654985511,105989,7538
113.60929021,31.6854997127,101924,7071
113.609288375,31.7055012823,103927,6994
113.609286539,31.7255032408,104756,7065
113.6092847,31.7455055677,85285,6622
113.609282861,31.7655082411,84527,6570
113.60928102,31.7855112376,82879,6438
113.609279177,31.8055145326,84239,6511
113.609277333,31.8255181003,89661,6908
113.609275487,31.8455219139,91779,6803
113.60927364,31.8655259454,91725,6888
113.609271792,31.8855301662,95494,7329
113.609269942,31.9055345465,106652,7804
113.60926809,31.9255390562,88135,6172
113.609266237,31.9455436645,89313,6247
113.609264382,31.9655483401,89427,6237
113.609262526,31.9855530515,92580,6527
113.609260669,32.0055577668,94602,6662
113.609258809,32.0255624542,95380,8089
113.609256949,32.0455670817,85706,7457
113.609255087,32.0655716176,88883,7727
113.609253223,32.0855760305,85923,7403
113.609251358,32.1055802893,76744,8643
113.609249491,32.1255843632,80457,9346
113.609247623,32.1455882224,67428,6052
113.609245753,32.1655918374,65387,5916
113.609243882,32.1855951799,66455,6246
113.609242009,32.2055982222,67904,6567
113.609240135,32.2256009378,65665,6290
113.609238259,32.2456033014,58790,6668
113.609236381,32.2656052888,59269,6079
113.609234503,32.2856068771,57741,5966
113.609232622,32.3056080447,62627,6295
113.60923074,32.3256087718,59616,5935
113.609228857,32.3456090399,56120,5370
113.609226972,32.365608832,65505,6185
113.609225085,32.385608133,84071,4865
113.609223197,32.4056069295,82231,4822
113.609221307,32.4256052097,78975,4347
113.609219416,32.4456029637,79243,4364
113.609217523,32.4656001834,76311,4452
113.609215629,32.4855968628,72900,4143
113.609213733,32.5055929974,73754,4200
113.609211836,32.5255885848,77461,4464
113.609209937,32.5455836246,77917,4668
113.609208036,32.5655781181,77022,4296
113.609206134,32.5855720685,81140,5319
113.60920423,32.6055654809,80236,4536
113.609202325,32.6255583624,82825,5212
113.629278166,31.6454763004,102282,7018
113.62927633,31.6654770364,100217,6856
113.629274492,31.6854781977,99378,6863
113.629272653,31.705479767,101247,6789
113.629270813,31.7254817252,102544,6929
113.629268971,31.7454840518,88002,6902
113.629267128,31.7654867249,81717,6296
113.629265283,31.7854897211,80000,6164
113.629263436,31.8054930159,81731,6384
113.629261588,31.8254965833,82850,6928
113.629259739,31.8455003966,89678,6657
113.629257888,31.8655044278,90191,6813
113.629256036,31.8855086483,92217,7061
113.629254182,31.9055130283,85838,6144
113.629252326,31.9255175377,84844,5841
113.629250469,31.9455221457,87203,6080
113.629248611,31.9655268211,88491,6188
113.629246751,31.9855315321,92205,6478
113.629244889,32.0055362472,95359,6711
113.629243026,32.0255409342,94872,8058
113.629241162,32.0455455615,92270,7847
113.629239296,32.0655500971,89889,7690
113.629237428,32.0855545097,74960,8071
113.629235559,32.1055587682,74288,8034
113.629233689,32.1255628418,70571,6559
113.629231817,32.1455667007,65744,5980
113.629229943,32.1655703154,64005,5852
113.629228068,32.1855736576,64801,6115
113.629226191,32.2055766996,66682,6277
113.629224313,32.225579415,65212,6235
113.629222433,32.2455817783,58858,6700
113.629220552,32.2655837653,57775,6317
113.629218669,32.2855853533,55394,5696
113.629216785,32.3055865207,64216,6450
113.629214899,32.3255872475,55717,5363
113.629213011,32.3455875152,54415,5192
113.629211123,32.3655873071,56185,5570
113.629209232,32.3855866078,59912,5887
113.62920734,32.405585404,79179,4481
113.629205446,32.4255836839,76397,4219
113.629203551,32.4455814376,76182,4126
113.629201655,32.4655786571,74566,4504
113.629199756,32.4855753361,70966,3995
113.629197857,32.5055714704,70818,3981
113.629195955,32.5255670576,75113,4313
113.629194052,32.5455620971,76436,4356
113.629192148,32.5655565902,74658,4126
113.629190242,32.5855505403,77075,4294
113.629188334,32.6055439525,81016,4618
113.629186425,32.6255368337,82795,4774
113.649250286,31.6454438788,101775,7050
113.649248443,31.6654446145,97870,6671
113.6492466,31.6854457756,97165,6623
113.649244754,31.7054473446,99128,6662
113.649242907,31.7254493026,86288,6053
113.649241059,31.7454516289,83583,6301
113.649239209,31.7654543018,81360,6175
113.649237358,31.7854572977,78879,6003
113.649235505,31.8054605922,79131,6111
113.649233651,31.8254641594,85920,6391
113.649231795,31.8454679724,86997,6360
113.649229937,31.8654720034,89750,6768
113.649228079,31.8854762235,82276,5940
113.649226218,31.9054806033,82397,5683
113.649224356,31.9254851125,83691,5770
113.649222493,31.9454897202,87144,6197
113.649220628,31.9654943953,88724,6414
113.649218761,31.9854991061,90993,6610
113.649216894,32.0055038209,95628,6746
113.649215024,32.0255085077,93990,8013
113.649213153,32.0455131347,92603,7881
113.64921128,32.0655176701,91288,8273
113.649209406,32.0855220824,74181,7882
113.649207531,32.1055263406,71799,7551
113.649205654,32.125530414,68912,6761
113.649203775,32.1455342726,66648,6121
113.649201895,32.1655378871,62979,5774
113.649200013,32.185541229,61228,5661
113.64919813,32.2055442707,61551,5637
113.649196245,32.2255469859,63637,5996
113.649194359,32.2455493489,58877,6696
113.649192471,32.2655513357,57310,6220
113.649190582,32.2855529234,53234,5345
113.649188691,32.3055540905,52452,5272
113.649186798,32.3255548171,53424,5107
113.649184904,32.3455550846,52164,5037
113.649183009,32.3655548762,54273,5310
113.649181111,32.3855541766,57453,5768
113.649179213,32.4055529725,79642,4710
113.649177313,32.4255512522,77273,4336
113.649175411,32.4455490056,74168,4026
113.649173507,32.4655462248,71636,3884
113.649171603,32.4855429036,68610,3670
113.649169696,32.5055390377,67911,3746
113.649167788,32.5255346246,70085,3854
113.649165879,32.5455296638,71213,3910
113.649163967,32.5655241567,74608,4144
113.649162055,32.5855181066,75921,4269
113.64916014,32.6055115185,80011,4629
113.649158225,32.6255043994,80573,4742
113.66921684,31.6454062141,85680,6302
113.66921499,31.6654069495,95877,6456
113.669213138,31.6854081104,96466,6493
113.669211285,31.7054096791,99447,6730
113.669209431,31.7254116369,84051,5798
113.669207575,31.745413963,84966,6014
113.669205717,31.7654166356,83997,6344
113.669203858,31.7854196313,78773,5718
113.669201998,31.8054229255,81002,6267
113.669200136,31.8254264924,85145,6254
113.669198272,31.8454303052,81774,6134
113.669196407,31.865434336,79303,5595
113.669194541,31.8854385559,79651,5499
113.669192673,31.9054429354,79643,5487
113.669190803,31.9254474443,84806,5879
113.669188932,31.9454520518,86449,6301
113.669187059,31.9654567267,89728,6498
113.669185185,31.9854614373,90993,6610
113.66918331,32.0054661518,57443,5717
113.669181432,32.0254708383,63589,6719
113.669179554,32.0454754651,65601,6994
113.669177673,32.0654800002,91288,8273
113.669175792,32.0854844123,71375,7514
113.669173908,32.1054886703,71375,7514
113.669172023,32.1254927434,71174,7080
113.669170137,32.1454966018,69175,6704
113.669168249,32.165500216,63273,6009
113.669166359,32.1855035577,59686,5514
113.669164468,32.2055065992,61443,5672
113.669162576,32.2255093141,56067,5450
113.669160682,32.2455116769,55687,5596
113.669158786,32.2655136635,51810,5277
113.669156889,32.2855152509,51637,5271
113.66915499,32.3055164178,51064,5078
113.66915309,32.3255171441,51755,4979
113.669151188,32.3455174114,51342,4942
113.669149285,32.3655172027,54130,5351
113.66914738,32.3855165029,57125,5724
113.669145473,32.4055152986,60189,6043
113.669143565,32.425513578,77332,4388
113.669141655,32.4455113312,78212,4474
113.669139744,32.4655085502,73932,4361
113.669137831,32.4855052287,70910,3991
113.669135917,32.5055013626,117546,5427
113.669134001,32.5254969492,68130,3684
113.669132084,32.5454919882,71233,3915
113.669130165,32.5654864809,73398,4113
113.669128244,32.5854804305,75568,4322
113.669126322,32.6054738422,77761,4724
113.669124398,32.6254667228,84701,5963
113.68918506,31.6453695112,81309,5928
113.689183203,31.6653702464,91786,6127
113.689181344,31.685371407,80288,5638
113.689179484,31.7053729755,79196,5484
113.689177623,31.725374933,80650,5495
113.689175759,31.7453772589,83042,5680
113.689173895,31.7653799312,85745,5964
113.689172028,31.7853829266,77065,5565
113.689170161,31.8053862206,73083,5281
113.689168291,31.8253897873,75149,5399
113.68916642,31.8453935999,77378,5423
113.689164548,31.8653976304,75713,5228
113.689162674,31.88540185,76907,5319
113.689160799,31.9054062293,79328,5662
113.689158922,31.925410738,83065,5696
113.689157044,31.9454153453,87378,6692
113.689155164,31.9654200198,59275,5986
113.689153282,31.9854247302,57585,5741
113.689151399,32.0054294445,57391,5710
113.689149515,32.0254341308,63447,6685
113.689147628,32.0454387573,64759,6912
113.689145741,32.0654432922,53669,5948
113.689143852,32.085447704,52040,5699
113.689141961,32.1054519617,74767,7984
113.689140069,32.1254560347,72239,7200
113.689138175,32.1454598928,67625,6476
113.689136279,32.1654635068,63722,6032
113.689134383,32.1854668482,61406,5857
113.689132484,32.2054698895,56540,5277
113.689130584,32.2254726041,55514,5258
113.689128683,32.2454749666,53306,5332
113.689126779,32.265476953,52574,5258
113.689124875,32.2854785402,49768,5056
113.689122969,32.3054797068,50073,4977
113.689121061,32.3254804329,47771,4694
113.689119151,32.3454806999,49816,5317
113.689117241,32.365480491,56160,5615
113.689115328,32.385479791,59599,6087
113.689113414,32.4054785864,60676,6265
113.689111498,32.4254768655,79195,4569
113.689109581,32.4454746185,79461,4567
113.689107663,32.4654718373,78209,4669
113.689105742,32.4854685156,71931,3919
113.68910382,32.5054646491,69333,3748
113.689101897,32.5254602356,70107,3961
113.689099972,32.5454552743,72254,3997
113.689098045,32.5654497667,73088,4035
113.689096117,32.5854437161,75817,4262
113.689094187,32.6054371275,79197,4742
113.689092256,32.6254300079,82789,5628
113.709161775,31.6453396292,80077,5756
113.709159913,31.6653403642,77451,5452
113.709158048,31.6853415245,77457,5345
113.709156183,31.7053430928,77725,5317
113.709154316,31.72534505,73583,5725
113.709152447,31.7453473756,75406,5937
113.709150577,31.7653500477,86403,6050
113.709148705,31.7853530429,72387,5663
113.709146832,31.8053563366,69962,5259
113.709144957,31.825359903,72524,5062
113.709143081,31.8453637153,71622,4965
113.709141203,31.8653677455,73886,5124
113.709139324,31.8853719649,77081,5368
113.709137443,31.905376344,80316,5738
113.709135561,31.9253808524,82462,6118
113.709133677,31.9453854594,86862,6184
113.709131791,31.9653901337,58084,5727
113.709129904,31.9853948437,56805,5665
113.709128016,32.0053995578,55584,5551
113.709126126,32.0254042438,57850,5866
113.709124234,32.04540887,64537,6897
113.709122341,32.0654134047,52223,5707
113.709120446,32.0854178163,50530,5573
113.70911855,32.1054220737,76080,8105
113.709116652,32.1254261464,68698,6785
113.709114753,32.1454300042,54583,5481
113.709112852,32.1654336179,52030,5021
113.70911095,32.1854369591,50668,4794
113.709109046,32.2054400001,56742,5475
113.70910714,32.2254427145,54487,5191
113.709105233,32.2454450768,52454,5052
113.709103324,32.2654470628,49531,4818
113.709101414,32.2854486498,48554,4876
113.709099502,32.3054498161,46436,4613
113.709097589,32.3254505419,46412,4682
113.709095674,32.3454508087,49377,5071
113.709093757,32.3654505995,51271,5323
113.709091839,32.3854498992,53772,5650
113.70908992,32.4054486944,57922,6390
113.709087999,32.4254469733,81160,4764
113.709086076,32.445444726,79167,4711
113.709084151,32.4654419444,77440,4504
113.709082226,32.4854386225,75401,4169
113.709080298,32.5054347558,70743,3867
113.709078369,32.5254303419,72159,4190
113.709076438,32.5454253804,72922,4336
113.709074506,32.5654198726,75657,4314
113.709072572,32.5854138217,76049,4210
113.709070637,32.6054072328,79135,4487
113.7090687,32.625400113,81673,4999
113.72915243,31.6453212471,87319,5949
113.729150565,31.6653219817,75901,5351
113.729148698,31.6853231417,74399,5111
113.72914683,31.7053247097,71391,5259
113.729144961,31.7253266666,71364,5473
113.72914309,31.7453289919,68891,5096
113.729141217,31.7653316637,67995,4877
113.729139343,31.7853346586,66184,4631
113.729137467,31.805337952,66885,4642
113.72913559,31.8253415181,69550,4836
113.729133711,31.8453453301,71934,4995
113.729131831,31.86534936,74811,5288
113.729129949,31.8853535791,81346,6446
113.729128066,31.9053579578,82872,6159
113.729126181,31.9253624659,85121,6539
113.729124295,31.9453670726,70586,7120
113.729122407,31.9653717466,67657,6542
113.729120518,31.9853764564,57938,5907
113.729118627,32.0053811701,52905,5146
113.729116734,32.0253858559,53272,5183
113.72911484,32.0453904818,61602,6377
113.729112944,32.0653950161,64598,6884
113.729111047,32.0853994274,50082,5554
113.729109148,32.1054036846,45295,4790
113.729107248,32.1254077569,70379,7428
113.729105346,32.1454116144,69791,7165
113.729103443,32.1654152279,51827,5185
113.729101538,32.1854185687,49027,4606
113.729099632,32.2054216094,47019,4179
113.729097724,32.2254243235,55919,5299
113.729095814,32.2454266855,56121,5322
113.729093903,32.2654286712,50065,5171
113.72909199,32.2854302579,46024,4649
113.729090076,32.305431424,44679,4484
113.72908816,32.3254321495,44728,4569
113.729086243,32.3454324159,46520,4847
113.729084324,32.3654322064,52752,5624
113.729082403,32.3854315058,50613,5204
113.729080481,32.4054303007,56890,6054
113.729078557,32.4254285793,83415,5087
113.729076632,32.4454263317,80173,4710
113.729074705,32.4654235498,76433,4262
113.729072777,32.4854202276,74944,4134
113.729070847,32.5054163606,73198,4124
113.729068915,32.5254119464,74227,4119
113.729066982,32.5454069846,75840,4567
113.729065047,32.5654014765,77457,4525
113.729063111,32.5853954253,79438,4659
113.729061173,32.6053888361,79394,4609
113.729059233,32.625381716,81271,4595
113.749160311,31.6453171975,73320,5279
113.749158447,31.6653179318,72784,5078
113.749156582,31.6853190914,73306,5107
113.749154715,31.705320659,68379,5021
113.749152846,31.7253226156,66907,4758
113.749150977,31.7453249406,66530,4836
113.749149105,31.765327612,63817,4440
113.749147232,31.7853306065,64547,4444
113.749145358,31.8053338996,66238,4555
113.749143482,31.8253374654,68440,4726
113.749141605,31.845341277,72690,5264
113.749139726,31.8653453066,75831,5668
113.749137845,31.8853495253,83405,7156
113.749135963,31.9053539037,85654,6834
113.74913408,31.9253584115,87357,7105
113.749132195,31.9453630178,67467,6874
113.749130308,31.9653676915,65921,6595
113.74912842,31.9853724009,59835,6008
113.74912653,32.0053771142,50806,4881
113.749124639,32.0253817996,48348,4601
113.749122746,32.0453864252,47540,4736
113.749120852,32.0653909592,45491,4436
113.749118956,32.0853953702,46969,5003
113.749117059,32.1053996269,41943,4119
113.74911516,32.1254036989,40820,4062
113.749113259,32.1454075561,38306,4085
113.749111357,32.1654111692,38809,4140
113.749109453,32.1854145097,50637,4953
113.749107548,32.2054175501,45865,4031
113.749105642,32.2254202638,43958,3852
113.749103733,32.2454226254,43379,4101
113.749101823,32.2654246108,42337,3612
113.749099912,32.2854261971,46174,4798
113.749097999,32.3054273629,42761,4377
113.749096085,32.325428088,43552,4578
113.749094168,32.3454283541,48900,4842
113.749092251,32.3654281443,47915,4968
113.749090331,32.3854274434,48632,4770
113.749088411,32.4054262379,50214,5040
113.749086488,32.4254245161,58002,6426
113.749084564,32.4454222681,62369,6186
113.749082639,32.465419486,66047,6876
113.749080712,32.4854161634,77551,4406
113.749078783,32.505412296,74286,4054
113.749076853,32.5254078815,76751,4281
113.749074921,32.5454029193,77867,4475
113.749072987,32.5653974109,83403,5237
113.749071052,32.5853913593,81526,5043
113.749069116,32.6053847698,81095,5721
113.749067178,32.6253776493,83203,5894
113.769186074,31.6453280649,70781,5026
113.769184215,31.6653287988,69700,4889
113.769182355,31.6853299581,64902,4850
113.769180493,31.7053315253,68726,5207
113.76917863,31.7253334815,65737,4678
113.769176765,31.7453358061,62624,4456
113.769174899,31.7653384771,61414,4264
113.769173031,31.7853414712,63858,4485
113.769171162,31.8053447639,66058,4693
113.769169291,31.8253483293,69927,4961
113.769167419,31.8453521405,74877,5730
113.769165545,31.8653561697,75891,5656
113.76916367,31.8853603881,89502,7627
113.769161793,31.905364766,69892,7063
113.769159915,31.9253692734,68221,6811
113.769158035,31.9453738793,64938,6364
113.769156153,31.9653785526,61867,5889
113.76915427,31.9853832616,59078,5649
113.769152386,32.0053879746,59738,5691
113.7691505,32.0253926596,47873,4974
113.769148612,32.0453972848,44651,4111
113.769146723,32.0654018184,43058,4044
113.769144832,32.085406229,40297,3909
113.76914294,32.1054104853,39463,3573
113.769141047,32.1254145569,37510,3657
113.769139151,32.1454184137,37542,3983
113.769137254,32.1654220264,36893,3740
113.769135356,32.1854253665,42338,4653
113.769133456,32.2054284065,42049,4725
113.769131555,32.2254311198,44658,5615
113.769129652,32.2454334811,41563,3680
113.769127747,32.2654354661,40871,3553
113.769125841,32.285437052,39114,3527
113.769123933,32.3054382173,41040,4078
113.769122024,32.3254389421,41265,4122
113.769120113,32.3454392078,42401,4146
113.769118201,32.3654389975,44790,4395
113.769116287,32.3854382962,47638,4758
113.769114371,32.4054370903,53240,5667
113.769112454,32.4254353682,54588,5456
113.769110535,32.4454331198,56505,5801
113.769108615,32.4654303372,77043,3931
113.769106693,32.4854270142,77774,4522
113.76910477,32.5054231465,77640,4375
113.769102845,32.5254187316,82951,5312
113.769100919,32.545413769,84076,5722
113.769098991,32.5654082602,84783,5302
113.769097061,32.5854022082,83595,5203
113.76909513,32.6053956183,81454,5789
113.769093197,32.6253884974,84205,7353
113.789227649,31.6453521026,67099,4702
113.789225799,31.6653528361,68877,4836
113.789223947,31.6853539949,61869,4583
113.789222094,31.7053555617,61701,4453
113.789220239,31.7253575174,61934,4431
113.789218383,31.7453598416,58765,4233
113.789216525,31.7653625122,60234,4146
113.789214666,31.7853655059,62079,4385
113.789212805,31.8053687981,67176,4773
113.789210943,31.8253723631,61436,5333
113.789209079,31.8453761739,62695,5520
113.789207214,31.8653802026,77963,6195
113.789205347,31.8853844205,68078,6755
113.789203479,31.9053887981,64151,6227
113.789201609,31.925393305,67466,6714
113.789199738,31.9453979105,67286,6730
113.789197865,31.9654025833,61298,5842
113.789195991,31.9854072919,57980,5480
113.789194115,32.0054120044,57607,5452
113.789192238,32.025416689,48462,4959
113.789190359,32.0454213138,46805,4657
113.789188478,32.0654258469,43163,3906
113.789186596,32.085430257,39557,3530
113.789184713,32.105434513,37698,3333
113.789182828,32.1254385842,34945,3110
113.789180941,32.1454424405,32891,2986
113.789179053,32.1654460528,34483,3171
113.789177163,32.1854493924,39208,4773
113.789175272,32.205452432,37794,3916
113.789173379,32.2254551448,41803,3705
113.789171485,32.2454575057,41759,3637
113.789169589,32.2654594902,37644,3156
113.789167692,32.2854610757,37254,3130
113.789165793,32.3054622406,37683,3611
113.789163892,32.3254629649,42636,4122
113.78916199,32.3454632302,43690,4224
113.789160087,32.3654630195,48360,4716
113.789158182,32.3854623178,48996,4847
113.789156275,32.4054611114,51025,5064
113.789154367,32.4254593888,53579,5402
113.789152457,32.44545714,55187,5689
113.789150545,32.465454357,61312,4334
113.789148632,32.4854510336,60798,4338
113.789146718,32.5054471654,61739,4349
113.789144802,32.5254427501,64693,4714
113.789142884,32.5454377871,84498,5983
113.789140965,32.5654322778,86823,5683
113.789139044,32.5854262254,89097,6248
113.789137122,32.6054196351,87064,8929
113.789135198,32.6254125137,81572,6604
113.809280529,31.6453854804,65379,4581
113.80927869,31.6653862135,64365,4529
113.809276849,31.6853873718,59380,4343
113.809275007,31.7053889381,57427,4029
113.809273163,31.7253908934,56065,3927
113.809271318,31.7453932171,56839,3977
113.809269471,31.7653958872,59152,4146
113.809267623,31.7853988804,61803,4373
113.809265773,31.8054021722,56703,4610
113.809263922,31.8254057367,58971,4975
113.809262069,31.845409547,62695,5520
113.809260215,31.8654135753,69000,6943
113.809258359,31.8854177928,68738,6873
113.809256502,31.9054221698,65310,6427
113.809254643,31.9254266763,60859,5783
113.809252783,31.9454312813,59278,5696
113.809250921,31.9654359537,63423,6054
113.809249058,31.9854406618,62194,5924
113.809247193,32.0054453739,54802,5095
113.809245327,32.025450058,50592,5546
113.809243459,32.0454546823,47729,4694
113.80924159,32.065459215,44882,4173
113.809239719,32.0854636246,43411,4105
113.809237847,32.1054678801,40286,3610
113.809235973,32.1254719508,34010,4042
113.809234097,32.1454758067,31296,2906
113.80923222,32.1654794185,34051,3330
113.809230342,32.1854827577,36498,4077
113.809228462,32.2054857967,36007,3828
113.80922658,32.2254885092,36028,3926
113.809224697,32.2454908695,38854,3214
113.809222813,32.2654928536,35734,3071
113.809220927,32.2854944386,34608,2928
113.809219039,32.305495603,35605,3246
113.80921715,32.3254963269,44506,4372
113.809215259,32.3454965917,51971,5085
113.809213367,32.3654963806,50541,4889
113.809211473,32.3854956783,50913,4896
113.809209577,32.4054944715,52318,5108
113.809207681,32.4254927485,56301,5704
113.809205782,32.4454904992,57712,5824
113.809203882,32.4654877157,60994,4480
113.80920198,32.4854843918,58723,4082
113.809200077,32.5054805232,60837,4252
113.809198173,32.5254761074,61872,4411
113.809196266,32.5454711439,66751,5194
113.809194359,32.5654656341,66728,4974
113.809192449,32.5854595813,68588,5353
113.809190538,32.6054529905,92920,7366
113.809188626,32.6254458687,81206,6740
113.829338408,31.6454228295,64129,4540
113.82933658,31.665423562,62213,4355
113.829334752,31.6854247199,57686,4033
113.829332921,31.7054262857,55505,3876
113.82933109,31.7254282405,54200,3800
113.829329256,31.7454305637,55401,3885
113.829327422,31.7654332333,57561,4044
113.829325586,31.7854362261,52378,4196
113.829323748,31.8054395174,54238,4640
113.829321909,31.8254430814,61919,5416
113.829320068,31.8454468912,55448,5213
113.829318226,31.865450919,53604,4701
113.829316382,31.885455136,52431,5004
113.829314537,31.9054595126,66315,6613
113.829312691,31.9254640186,59115,5518
113.829310843,31.9454686232,57324,5229
113.829308993,31.9654732951,55645,5211
113.829307142,31.9854780027,52536,4661
113.829305289,32.0054827143,51903,5066
113.829303435,32.0254873979,51491,4644
113.82930158,32.0454920217,42299,4173
113.829299723,32.0654965539,39792,3862
113.829297864,32.0855009631,42230,4057
113.829296004,32.1055052181,44369,4569
113.829294142,32.1255092883,32487,3047
113.829292279,32.1455131437,29598,2852
113.829290414,32.1655167551,29043,2618
113.829288548,32.1855200938,35576,3811
113.82928668,32.2055231324,32967,3585
113.829284811,32.2255258443,38673,3169
113.82928294,32.2455282042,36385,3002
113.829281068,32.2655301878,34238,2861
113.829279194,32.2855317723,32982,2788
113.829277319,32.3055329363,35313,3056
113.829275442,32.3255336596,38273,3382
113.829273564,32.3455339239,41866,3593
113.829271684,32.3655337123,47664,4054
113.829269803,32.3855330096,48384,4052
113.82926792,32.4055318024,49379,4029
113.829266035,32.4255300788,47674,3587
113.829264149,32.4455278291,49316,3591
113.829262262,32.4655250451,51074,3734
113.829260373,32.4855217208,56504,3902
113.829258482,32.5055178516,57541,4001
113.82925659,32.5255134354,60687,4267
113.829254696,32.5455084714,62739,4711
113.829252801,32.5655029611,65567,4893
113.829250904,32.5854969078,67127,5225
113.829249006,32.6054903165,95828,8052
113.829247106,32.6254831943,79487,8485
113.849394071,31.645458006,68825,5381
113.849392255,31.6654587381,61304,4317
113.849390438,31.6854598955,59349,4191
113.849388619,31.7054614609,56950,3997
113.849386799,31.7254634152,55358,3919
113.849384977,31.7454657379,50870,3544
113.849383154,31.7654684071,50270,3514
113.849381329,31.7854713994,52320,4221
113.849379503,31.8054746902,53777,4365
113.849377676,31.8254782537,49525,4043
113.849375847,31.8454820631,51478,4228
113.849374016,31.8654860904,50392,4207
113.849372184,31.885490307,52431,5004
113.849370351,31.9054946831,42903,3360
113.849368516,31.9254991886,43275,3858
113.849366679,31.9455037927,54984,4989
113.849364841,31.9655084641,54484,4866
113.849363002,31.9855131713,51999,4546
113.849361161,32.0055178824,49677,4349
113.849359319,32.0255225655,48528,4105
113.849357475,32.0455271889,47362,3998
113.849355629,32.0655317206,40214,3879
113.849353783,32.0855361293,36560,3419
113.849351934,32.1055403839,31094,2884
113.849350084,32.1255444536,29861,2643
113.849348233,32.1455483085,28216,2537
113.84934638,32.1655519194,25247,2196
113.849344526,32.1855552576,29842,2649
113.84934267,32.2055582957,31282,3629
113.849340812,32.2255610072,31167,2494
113.849338954,32.2455633666,28939,2328
113.849337093,32.2655653498,29283,4230
113.849335231,32.2855669338,34841,3077
113.849333368,32.3055680973,35839,3215
113.849331503,32.3255688202,37753,3277
113.849329636,32.345569084,41632,3847
113.849327768,32.3655688719,45393,3868
113.849325899,32.3855681688,46784,4036
113.849324028,32.405566961,46154,3486
113.849322155,32.425565237,46779,3350
113.849320281,32.4455629868,47451,3403
113.849318406,32.4655602024,51145,3811
113.849316529,32.4855568775,54814,4049
113.84931465,32.5055530079,55365,3815
113.84931277,32.5255485912,57274,3998
113.849310888,32.5455436267,59398,4202
113.849309005,32.565538116,61878,4489
113.84930712,32.5855320622,63286,4886
113.849305234,32.6055254705,65940,6192
113.849303346,32.6255183477,76298,7307
113.869440422,31.6454849682,66994,4834
113.869438616,31.6654856998,63232,4461
113.869436808,31.6854868568,61133,4296
113.869434999,31.7054884217,58656,4115
113.869433188,31.7254903756,57959,4260
113.869431376,31.7454926978,51460,3608
113.869429562,31.7654953666,48449,3489
113.869427747,31.7854983584,45764,3216
113.869425931,31.8055016488,43508,3080
113.869424113,31.8255052119,48609,3994
113.869422294,31.8455090208,47046,3686
113.869420473,31.8655130477,44024,3382
113.86941865,31.8855172638,42892,3323
113.869416826,31.9055216394,42852,3353
113.869415001,31.9255261445,43275,3858
113.869413174,31.9455307481,44712,4466
113.869411346,31.9655354191,43406,3938
113.869409516,31.9855401258,42557,3702
113.869407685,32.0055448365,44587,3968
113.869405852,32.0255495192,46604,3908
113.869404018,32.0455541421,45161,3678
113.869402182,32.0655586734,37374,3465
113.869400345,32.0855630817,34842,3393
113.869398507,32.1055673357,32302,2856
113.869396667,32.125571405,30003,2862
113.869394825,32.1455752595,26342,2329
113.869392982,32.1655788699,23179,2028
113.869391137,32.1855822077,31184,3516
113.869389291,32.2055852454,29602,3361
113.869387443,32.2255879564,28426,2408
113.869385594,32.2455903154,26992,2154
113.869383744,32.2655922981,29523,3771
113.869381892,32.2855938817,36559,2992
113.869380038,32.3055950447,37744,3274
113.869378183,32.3255957672,39284,3461
113.869376326,32.3455960306,41036,3733
113.869374468,32.365595818,48467,3448
113.869372609,32.3855951144,45887,3172
113.869370747,32.4055939062,43578,3019
113.869368885,32.4255921818,43836,3114
113.869367021,32.4455899311,46074,3232
113.869365155,32.4655871462,86623,4323
113.869363288,32.4855838209,53236,3692
113.869361419,32.5055799509,53471,3708
113.869359549,32.5255755337,55630,3960
113.869357677,32.5455705688,58135,4165
113.869355804,32.5655650576,63084,4608
113.869353929,32.5855590034,66339,5434
113.869352053,32.6055524112,66599,5460
113.869350175,32.625545288,67210,6435
113.889471495,31.6454986408,75503,5662
113.889469695,31.665499372,65332,4604
113.889467893,31.6855005286,65071,4585
113.88946609,31.7055020931,63084,4643
113.889464286,31.7255040466,63225,4665
113.88946248,31.7455063684,51170,3976
113.889460673,31.7655090367,50610,3842
113.889458864,31.7855120282,44944,3349
113.889457054,31.8055153182,42586,2976
113.889455242,31.8255188808,45077,3338
113.889453429,31.8455226894,47466,3734
113.889451614,31.8655267159,44173,3400
113.889449798,31.8855309315,40731,3164
113.889447981,31.9055353068,41540,3248
113.889446162,31.9255398115,43971,4041
113.889444341,31.9455444147,37647,3196
113.889442519,31.9655490853,41089,3013
113.889440696,31.9855537916,40817,3480
113.889438871,32.0055585018,39770,3091
113.889437045,32.0255631842,42225,3314
113.889435217,32.0455678066,42596,3350
113.889433388,32.0655723375,37445,3299
113.889431557,32.0855767454,36258,3264
113.889429725,32.1055809991,35212,3175
113.889427891,32.125585068,29597,3398
113.889426056,32.1455889221,21283,2028
113.889424219,32.165592532,21847,1946
113.889422381,32.1855958694,24660,2191
113.889420541,32.2055989067,28286,3279
113.8894187,32.2256016173,25760,3044
113.889416857,32.2456039759,24780,3242
113.889415013,32.2656059582,28048,3616
113.889413167,32.2856075414,31730,4055
113.88941132,32.305608704,39542,3414
113.889409471,32.325609426,42433,3845
113.889407621,32.345609689,40230,3540
113.88940577,32.3656094761,44926,3014
113.889403916,32.3856087721,44932,3079
113.889402062,32.4056075635,42849,2981
113.889400206,32.4256058386,42305,3003
113.889398348,32.4456035876,45063,3121
113.889396489,32.4656008023,47772,3310
113.889394628,32.4855974766,51335,3637
113.889392766,32.5055936061,52869,3679
113.889390902,32.5255891885,55107,3835
113.889389037,32.5455842233,57710,4138
113.88938717,32.5655787117,61028,4438
113.889385302,32.585572657,60512,4404
113.889383432,32.6055660644,68055,5524
113.889381561,32.6255589408,68460,5374
113.909483308,31.6454956481,76343,5704
113.90948151,31.6654963789,66735,4940
113.909479711,31.6854975352,66357,4836
113.90947791,31.7054990993,64148,5004
113.909476108,31.7255010524,64286,4733
113.909474304,31.745503374,66318,5275
113.909472499,31.7655060419,53375,4553
113.909470692,31.785509033,46895,3612
113.909468884,31.8055123226,46688,3753
113.909467074,31.825515885,39487,2768
113.909465263,31.8455196932,37669,2666
113.909463451,31.8655237193,36618,2654
113.909461637,31.8855279346,39130,2935
113.909459822,31.9055323095,36714,2537
113.909458005,31.9255368138,35997,2854
113.909456186,31.9455414167,35694,2953
113.909454367,31.9655460869,39166,2853
113.909452545,31.9855507929,38990,3105
113.909450723,32.0055555028,39598,3055
113.909448898,32.0255601848,39423,3005
113.909447073,32.0455648069,44562,3708
113.909445246,32.0655693374,40078,3744
113.909443417,32.0855737449,41188,4440
113.909441587,32.1055779983,40338,4509
113.909439755,32.1255820668,20651,2458
113.909437922,32.1455859206,18760,1762
113.909436088,32.1655895302,20197,2031
113.909434251,32.1855928673,19145,1993
113.909432414,32.2055959042,28119,3113
113.909430575,32.2255986144,24462,2830
113.909428734,32.2456009726,22970,2745
113.909426892,32.2656029546,25141,2752
113.909425049,32.2856045374,31169,3045
113.909423204,32.3056056997,31558,3570
113.909421358,32.3256064214,38193,3113
113.90941951,32.345606684,37880,3070
113.90941766,32.3656064707,42566,2870
113.909415809,32.3856057664,40778,2740
113.909413957,32.4056045574,40037,2733
113.909412103,32.4256028322,40930,2758
113.909410247,32.4456005808,42069,2827
113.90940839,32.4655977952,45473,3110
113.909406532,32.4855944691,49279,3426
113.909404672,32.5055905983,49821,3560
113.90940281,32.5255861804,52644,3729
113.909400947,32.5455812147,54198,3869
113.909399083,32.5655757028,56245,3926
113.909397217,32.5855696478,58531,4246
113.909395349,32.6055630548,65228,5296
113.90939348,32.6255559309,67242,5319
113.929474446,31.64547481,78323,5967
113.929472646,31.6654755406,66610,4937
113.929470844,31.6854766965,68656,5684
113.929469041,31.7054782604,68828,5766
113.929467236,31.7254802132,66758,5445
113.92946543,31.7454825344,57163,5456
113.929463623,31.7654852021,51297,4801
113.929461814,31.7854881929,49319,4125
113.929460003,31.8054914822,47807,4034
113.929458191,31.8254950442,40844,3917
113.929456378,31.8454988521,38183,2931
113.929454563,31.865502878,34712,2431
113.929452747,31.885507093,33821,2296
113.929450929,31.9055114676,34203,2459
113.92944911,31.9255159716,31517,2822
113.929447289,31.9455205742,32843,2723
113.929445467,31.9655252441,33348,2512
113.929443644,31.9855299498,34091,2549
113.929441819,32.0055346594,38528,3111
113.929439992,32.0255393411,44013,3923
113.929438164,32.0455439629,44534,4055
113.929436334,32.0655484932,46909,4688
113.929434503,32.0855529004,43912,5103
113.929432671,32.1055571534,44872,5341
113.929430837,32.1255612217,18607,2112
113.929429002,32.1455650751,16882,1593
113.929427165,32.1655686845,15874,1613
113.929425326,32.1855720212,17924,1730
113.929423486,32.2055750578,27866,3365
113.929421645,32.2255777678,26395,3001
113.929419802,32.2455801257,20918,2273
113.929417958,32.2655821073,24537,2869
113.929416112,32.2855836899,29291,2864
113.929414264,32.3055848519,31789,3149
113.929412416,32.3255855733,35349,2876
113.929410565,32.3455858356,34116,2779
113.929408713,32.3655856221,36573,2952
113.92940686,32.3855849174,39932,2730
113.929405005,32.4055837081,37293,2383
113.929403149,32.4255819826,39178,2615
113.929401291,32.4455797309,42574,2921
113.929399431,32.465576945,45146,3048
113.929397571,32.4855736187,48105,3318
113.929395708,32.5055697476,49412,3413
113.929393844,32.5255653293,51998,3635
113.929391979,32.5455603634,54704,3996
113.929390112,32.5655548512,59114,4709
113.929388243,32.5855487959,63133,4979
113.929386373,32.6055422026,64837,5171
113.929384502,32.6255350784,65101,5204
113.949446282,31.6454373325,108205,7632
113.949444475,31.6654380628,109463,7786
113.949442667,31.6854392185,111479,8265
113.949440858,31.7054407822,68082,5725
113.949439046,31.7254427347,70035,6189
113.949437234,31.7454450557,54703,5564
113.94943542,31.7654477231,53148,5045
113.949433605,31.7854507137,48344,5384
113.949431788,31.8054540028,45700,7940
113.949429969,31.8254575646,43251,5467
113.949428149,31.8454613722,37794,2917
113.949426328,31.8654653978,35782,2947
113.949424505,31.8854696126,31759,2240
113.949422681,31.905473987,30547,2100
113.949420855,31.9254784907,27692,2024
113.949419028,31.9454830931,30009,2236
113.949417199,31.9654877628,32127,2383
113.949415369,31.9854924682,35488,2687
113.949413537,32.0054971776,40930,3875
113.949411704,32.025501859,45134,4328
113.94940987,32.0455064806,47232,4804
113.949408034,32.0655110106,47818,4911
113.949406196,32.0855154175,45512,5574
113.949404357,32.1055196703,45821,5679
113.949402516,32.1255237384,18861,2581
113.949400674,32.1455275916,17399,1924
113.949398831,32.1655312007,14503,1394
113.949396986,32.1855345372,21011,1732
113.949395139,32.2055375736,22042,1970
113.949393291,32.2255402833,19621,1683
113.949391442,32.2455426409,19720,1796
113.949389591,32.2655446223,26149,2416
113.949387738,32.2855462047,29130,2849
113.949385884,32.3055473664,31987,3121
113.949384029,32.3255480876,33708,2737
113.949382172,32.3455483497,32649,2733
113.949380313,32.3655481358,42115,2910
113.949378453,32.3855474309,40394,2757
113.949376592,32.4055462214,38106,2453
113.949374728,32.4255444957,39491,2559
113.949372864,32.4455422437,42483,2860
113.949370998,32.4655394576,46902,3252
113.94936913,32.485536131,49630,3421
113.949367261,32.5055322597,52114,3645
113.94936539,32.5255278412,52695,3838
113.949363518,32.545522875,56345,4561
113.949361645,32.5655173625,57450,4517
113.949359769,32.585511307,59806,4676
113.949357893,32.6055047135,61816,4874
113.949356014,32.625497589,69223,6659
113.969402811,31.6453866647,103320,6814
113.969400994,31.6653873948,106885,7558
113.969399176,31.6853885503,110097,8133
113.969397357,31.7053901137,71537,6636
113.969395536,31.7253920661,71133,6464
113.969393714,31.7453943869,54710,5592
113.96939189,31.7653970541,46876,5004
113.969390065,31.7854000444,48344,5384
113.969388238,31.8054033333,47304,4561
113.96938641,31.8254068949,41994,5014
113.96938458,31.8454107024,40469,4083
113.969382749,31.8654147277,34936,2615
113.969380917,31.8854189423,32124,2462
113.969379082,31.9054233165,30886,2279
113.969377247,31.9254278201,26656,1964
113.96937541,31.9454324222,24674,1942
113.969373571,31.9654370917,23034,1842
113.969371731,31.9854417969,20390,1602
113.96936989,32.0054465061,21702,1980
113.969368047,32.0254511873,17976,1817
113.969366202,32.0454558087,16897,3112
113.969364356,32.0654603385,16391,2089
113.969362508,32.0854647453,16063,2365
113.969360659,32.1054689979,15650,1942
113.969358809,32.1254730657,12653,1775
113.969356957,32.1454769187,11406,1125
113.969355103,32.1654805276,13230,1420
113.969353248,32.1854838639,14000,1568
113.969351392,32.2054869001,17565,1461
113.969349534,32.2254896096,16429,1397
113.969347674,32.2454919671,19371,2071
113.969345813,32.2654939483,24429,2285
113.969343951,32.2854955304,25600,2322
113.969342087,32.3054966919,27144,2689
113.969340221,32.3254974129,30865,2526
113.969338354,32.3454976748,33340,2717
113.969336485,32.3654974608,34178,3232
113.969334615,32.3854967557,43112,2874
113.969332744,32.405495546,40029,2620
113.969330871,32.42549382,41827,2744
113.969328996,32.4454915679,42819,2815
113.96932712,32.4654887815,48482,3411
113.969325242,32.4854854547,49096,3429
113.969323363,32.5054815832,52822,4113
113.969321482,32.5254771645,54275,4358
113.9693196,32.5454721982,54717,4376
113.969317716,32.5654666855,55371,4332
113.96931583,32.5854606297,57629,4491
113.969313943,32.6054540361,57493,4490
113.969312055,32.6254469114,69982,7281
113.989350115,31.6453280422,101994,6660
113.989348287,31.6653287721,105950,7452
113.989346457,31.6853299274,108104,7686
113.989344626,31.7053314907,110316,7835
113.989342794,31.7253334429,111914,8172
113.98934096,31.7453357635,113170,8398
113.989339124,31.7653384305,46735,4806
113.989337287,31.7853414207,44728,3199
113.989335448,31.8053447094,46006,4081
113.989333608,31.8253482708,44909,3352
113.989331767,31.8453520781,38029,2852
113.989329924,31.8653561033,35774,3229
113.98932808,31.8853603177,32834,2428
113.989326234,31.9053646917,32772,2429
113.989324386,31.9253691951,34083,2532
113.989322537,31.9453737971,25932,1927
113.989320687,31.9653784664,22416,1755
113.989318835,31.9853831714,20699,1764
113.989316981,32.0053878804,17316,1375
113.989315126,32.0253925615,16137,1337
113.98931327,32.0453971827,15613,2188
113.989311412,32.0654017123,15361,2343
113.989309553,32.0854061189,14254,1859
113.989307692,32.1054103713,15292,1613
113.989305829,32.125414439,9869,1104
113.989303965,32.1454182918,9852,1002
113.9893021,32.1654219005,11062,1093
113.989300233,32.1854252367,12845,1359
113.989298364,32.2054282727,14379,1267
113.989296494,32.225430982,15457,1392
113.989294622,32.2454333393,18685,1612
113.989292749,32.2654353203,22314,2006
113.989290875,32.2854369023,22784,1912
113.989288999,32.3054380636,23643,1706
113.989287121,32.3254387844,27049,2263
113.989285242,32.3454390461,30104,2535
113.989283361,32.365438832,32803,3054
113.989281479,32.3854381267,43777,3170
113.989279595,32.4054369168,38325,3013
113.98927771,32.4254351907,39014,3077
113.989275823,32.4454329384,43950,2877
113.989273934,32.4654301518,43273,3387
113.989272045,32.4854268249,49926,4061
113.989270153,32.5054229532,53503,4270
113.98926826,32.5254185343,51837,4099
113.989266366,32.5454135678,51564,4030
113.989264469,32.5654080549,52416,4097
113.989262572,32.585401999,59801,5338
113.989260673,32.6053954051,61587,5707
113.989258772,32.6253882803,61571,5688
114.00929554,31.645267781,99432,6584
114.0092937,31.6652685108,103115,7526
114.009291858,31.6852696659,109308,8118
114.009290015,31.705271229,108537,7523
114.00928817,31.725273181,111004,7600
114.009286324,31.7452755014,111520,7750
114.009284476,31.7652781683,112331,7726
114.009282627,31.7852811583,43345,3056
114.009280776,31.8052844468,44452,3173
114.009278924,31.8252880081,42106,2928
114.009277071,31.8452918152,43703,3172
114.009275215,31.8652958402,37884,4784
114.009273359,31.8853000545,36563,3515
114.0092715,31.9053044283,32651,3609
114.009269641,31.9253089315,32567,2816
114.009267779,31.9453135333,30370,2640
114.009265917,31.9653182025,29202,2398
114.009264052,31.9853229073,21392,2021
114.009262187,32.0053276162,18864,1523
114.009260319,32.025332297,15934,1407
114.009258451,32.0453369181,13980,1587
114.00925658,32.0653414476,11592,1304
114.009254708,32.085345854,11267,1043
114.009252835,32.1053501062,7114,792
114.00925096,32.1253541737,9976,1087
114.009249084,32.1453580263,8387,851
114.009247206,32.1653616349,9851,946
114.009245327,32.1853649709,12734,1406
114.009243446,32.2053680067,12847,1210
114.009241563,32.2253707159,18381,1766
114.009239679,32.245373073,18457,1604
114.009237793,32.2653750538,20613,1839
114.009235906,32.2853766356,20626,1761
114.009234018,32.3053777968,22694,1942
114.009232128,32.3253785174,25297,2114
114.009230236,32.345378779,27254,2399
114.009228343,32.3653785646,31860,3034
114.009226448,32.3853778592,35914,3399
114.009224551,32.4053766491,36703,2955
114.009222654,32.4253749228,37664,3224
114.009220754,32.4453726704,42659,4299
114.009218853,32.4653698837,42012,3386
114.009216951,32.4853665565,43366,3541
114.009215047,32.5053626846,46777,3971
114.009213141,32.5253582656,51184,3993
114.009211234,32.5453532989,49494,3869
114.009209325,32.5653477859,52808,4174
114.009207415,32.5853417298,58354,4675
114.009205503,32.6053351358,64162,5277
114.00920359,32.6253280108,63110,5955
114.029246692,31.6452124198,99217,6544
114.029244841,31.6652131494,101197,6769
114.029242988,31.6852143044,103705,6814
114.029241134,31.7052158673,106191,7025
114.029239278,31.7252178191,108387,7220
114.029237421,31.7452201393,109329,7378
114.029235563,31.765222806,111650,7701
114.029233702,31.7852257958,41984,2997
114.029231841,31.8052290842,39438,2820
114.029229978,31.8252326452,40169,2848
114.029228113,31.8452364522,44849,3411
114.029226247,31.865240477,36678,3402
114.029224379,31.885244691,35630,3895
114.02922251,31.9052490647,31331,3439
114.029220639,31.9252535677,29992,2659
114.029218767,31.9452581694,31625,3888
114.029216893,31.9652628383,21889,2406
114.029215018,31.985267543,19626,2004
114.029213141,32.0052722516,16392,1664
114.029211263,32.0252769323,15141,1541
114.029209383,32.0452815532,12280,1193
114.029207501,32.0652860825,9452,911
114.029205618,32.0852904887,9317,912
114.029203734,32.1052947408,5120,525
114.029201848,32.125298808,4436,575
114.02919996,32.1453026605,5879,677
114.029198071,32.1653062689,7140,851
114.029196181,32.1853096047,11006,1118
114.029194289,32.2053126403,12465,2079
114.029192395,32.2253153493,20553,1735
114.0291905,32.2453177062,16975,1492
114.029188603,32.2653196869,19338,1647
114.029186705,32.2853212685,19593,1683
114.029184805,32.3053224295,21978,2024
114.029182903,32.3253231499,24230,2006
114.029181,32.3453234113,26338,2184
114.029179096,32.3653231968,30095,2464
114.02917719,32.3853224911,30820,2464
114.029175282,32.4053212809,33853,2685
114.029173373,32.4253195544,35287,2803
114.029171462,32.4453173018,38491,2980
114.02916955,32.4653145149,39701,3092
114.029167636,32.4853111875,41997,3303
114.029165721,32.5053073155,45371,3578
114.029163804,32.5253028963,47360,3791
114.029161885,32.5452979294,50633,3979
114.029159965,32.5652924162,53064,4280
114.029158043,32.5852863599,61147,5414
114.02915612,32.6052797657,63099,4985
114.029154195,32.6252726405,76993,4925
114.049210398,31.6451678315,99122,6332
114.049208539,31.6651685609,101573,6589
114.049206678,31.6851697156,102843,6717
114.049204815,31.7051712783,104459,6893
114.049202951,31.7251732299,106906,7099
114.049201086,31.7451755499,110490,7383
114.049199219,31.7651782164,111004,7576
114.049197351,31.785181206,43189,3331
114.049195481,31.8051844941,38634,2911
114.049193609,31.8251880549,38236,2700
114.049191737,31.8451918616,39860,3130
114.049189862,31.8651958863,35309,3447
114.049187986,31.8852001001,33852,3173
114.049186109,31.9052044735,30585,2761
114.049184229,31.9252089763,27737,2316
114.049182349,31.9452135777,26013,4050
114.049180467,31.9652182465,23877,3699
114.049178583,31.9852229509,19865,2661
114.049176698,32.0052276594,18759,2115
114.049174811,32.0252323398,14508,1632
114.049172923,32.0452369605,11833,1127
114.049171033,32.0652414895,9142,1022
114.049169142,32.0852458955,6728,695
114.049167249,32.1052501474,3955,449
114.049165355,32.1252542144,2478,262
114.049163459,32.1452580667,3451,431
114.049161561,32.1652616748,7420,816
114.049159662,32.1852650104,8196,888
114.049157762,32.2052680458,9744,1044
114.04915586,32.2252707546,12426,1175
114.049153956,32.2452731113,14980,1340
114.049152051,32.2652750918,17737,1541
114.049150144,32.2852766731,20600,2078
114.049148236,32.3052778339,22823,1974
114.049146326,32.3252785541,28496,2581
114.049144415,32.3452788153,28666,2660
114.049142502,32.3652786005,29945,3385
114.049140587,32.3852778947,34290,3293
114.049138671,32.4052766842,35713,4174
114.049136753,32.4252749575,36696,2997
114.049134834,32.4452727046,44059,3752
114.049132913,32.4652699175,41907,3334
114.049130991,32.48526659,44222,3503
114.049129067,32.5052627177,46521,3885
114.049127141,32.5252582983,50567,3975
114.049125214,32.5452533312,52509,4215
114.049123286,32.5652478178,69289,3953
114.049121355,32.5852417613,71427,4152
114.049119424,32.6052351668,74695,4437
114.04911749,32.6252280414,76262,4622
114.069191777,31.6451384275,100995,6748
114.069189913,31.6651391566,103020,6705
114.069188048,31.685140311,104518,6871
114.069186181,31.7051418734,104654,6881
114.069184313,31.7251438248,111030,7415
114.069182443,31.7451461445,111773,7485
114.069180572,31.7651488107,48300,5866
114.069178699,31.7851518001,46074,5395
114.069176825,31.8051550879,45303,3447
114.069174949,31.8251586485,38802,2700
114.069173072,31.8451624549,33413,2364
114.069171193,31.8651664793,34397,3378
114.069169312,31.8851706928,30043,2216
114.06916743,31.905175066,31074,3157
114.069165547,31.9251795686,25548,2068
114.069163662,31.9451841697,23879,2397
114.069161775,31.9651888381,20624,1860
114.069159887,31.9851935424,17940,2324
114.069157997,32.0051982505,15847,1383
114.069156106,32.0252029307,14841,1498
114.069154214,32.0452075511,11449,1155
114.069152319,32.0652120799,8847,923
114.069150423,32.0852164856,6145,724
114.069148526,32.1052207372,3275,383
114.069146627,32.125224804,156,37
114.069144727,32.145228656,3305,334
114.069142825,32.1652322638,6052,570
114.069140921,32.1852355991,8542,759
114.069139016,32.2052386343,11134,1159
114.06913711,32.2252413428,14904,1631
114.069135201,32.2452436992,22592,1911
114.069133292,32.2652456794,20991,1842
114.06913138,32.2852472605,21262,1910
114.069129468,32.3052484211,23240,2128
114.069127553,32.325249141,27684,2344
114.069125637,32.3452494019,46233,3598
114.06912372,32.3652491869,31853,3857
114.0691218,32.3852484807,35913,3398
114.06911988,32.40524727,39937,4240
114.069117958,32.4252455431,48025,4297
114.069116034,32.4452432899,45568,4329
114.069114108,32.4652405025,44996,3566
114.069112181,32.4852371747,46179,3656
114.069110253,32.5052333022,48312,4162
114.069108323,32.5252288825,51165,4006
114.069106391,32.5452239151,66530,3698
114.069104458,32.5652184014,69009,3978
114.069102523,32.5852123447,73516,4347
114.069100587,32.60520575,75550,4506
114.069098649,32.6251986243,95400,7077
114.089193551,31.6451265667,101125,6539
114.089191687,31.6651272955,85489,5637
114.089189822,31.6851284496,79406,4973
114.089187955,31.7051300117,79774,5056
114.089186087,31.7251319627,83097,5808
114.089184217,31.7451342822,113611,7708
114.089182345,31.7651369481,49729,6015
114.089180473,31.7851399371,44368,5027
114.089178598,31.8051432246,41549,4258
114.089176722,31.8251467849,38755,3523
114.089174845,31.8451505909,32462,2662
114.089172966,31.865154615,31193,2286
114.089171085,31.8851588282,28497,2092
114.089169203,31.9051632011,26210,1954
114.08916732,31.9251677033,23899,1833
114.089165435,31.9451723041,21625,1696
114.089163548,31.9651769722,19831,1568
114.08916166,31.9851816761,26057,2412
114.08915977,32.0051863839,15434,1962
114.089157879,32.0251910638,13573,1209
114.089155986,32.0451956839,15777,1348
114.089154092,32.0652002123,10315,1209
114.089152196,32.0852046177,7257,837
114.089150299,32.105208869,3719,427
114.0891484,32.1252129355,3424,447
114.089146499,32.1452167871,3988,373
114.089144597,32.1652203947,9744,829
114.089142694,32.1852237297,9082,771
114.089140789,32.2052267645,12187,1171
114.089138882,32.2252294727,21252,1714
114.089136974,32.2452318288,22751,1930
114.089135064,32.2652338087,24717,2280
114.089133153,32.2852353894,27101,2562
114.08913124,32.3052365496,30758,2749
114.089129325,32.3252372693,44212,3654
114.089127409,32.3452375298,46217,3387
114.089125492,32.3652373145,45193,3316
114.089123573,32.385236608,37515,3894
114.089121652,32.405235397,51852,4922
114.08911973,32.4252336697,48888,4571
114.089117806,32.4452314162,49026,4627
114.08911588,32.4652286285,46925,3860
114.089113953,32.4852253004,57828,3457
114.089112025,32.5052214275,57634,3442
114.089110095,32.5252170075,51911,4234
114.089108163,32.5452120398,65074,3606
114.08910623,32.5652065258,64574,3638
114.089104295,32.5852004687,68843,4419
114.089102358,32.6051938737,71994,4626
114.08910042,32.6251867477,94668,5832
114.109215685,31.6451322517,92596,5874
114.109213826,31.6651329801,84071,5687
114.109211965,31.6851341339,82482,5423
114.109210102,31.7051356956,76307,4723
114.109208238,31.7251376462,85264,6497
114.109206373,31.7451399653,117051,8312
114.109204506,31.7651426308,51344,6329
114.109202637,31.7851456194,51609,6394
114.109200767,31.8051489066,88451,6595
114.109198896,31.8251524664,44202,4858
114.109197023,31.8451562721,35507,2915
114.109195148,31.8651602958,34408,2643
114.109193272,31.8851645087,31711,2415
114.109191394,31.9051688811,29204,2340
114.109189515,31.925173383,26298,2069
114.109187634,31.9451779834,23350,1968
114.109185752,31.9651826512,22859,2008
114.109183868,31.9851873547,19060,1830
114.109181983,32.0051920621,16810,1579
114.109180096,32.0251967416,17234,1566
114.109178208,32.0452013613,14409,1409
114.109176318,32.0652058894,15691,1809
114.109174427,32.0852102944,6952,695
114.109172534,32.1052145453,7511,867
114.109170639,32.1252186114,4525,553
114.109168743,32.1452224626,5715,531
114.109166846,32.1652260698,9000,820
114.109164946,32.1852294044,10248,873
114.109163046,32.2052324389,15133,1299
114.109161144,32.2252351467,19103,1440
114.10915924,32.2452375024,24657,2098
114.109157334,32.2652394819,27148,2433
114.109155428,32.2852410623,34008,2688
114.109153519,32.3052422221,44536,3014
114.109151609,32.3252429414,41669,2719
114.109149698,32.3452432016,40923,2751
114.109147785,32.3652429858,42877,2883
114.10914587,32.385242279,44644,3164
114.109143954,32.4052410676,46867,3295
114.109142036,32.4252393399,51289,4867
114.109140117,32.4452370861,62209,4273
114.109138196,32.465234298,58212,3310
114.109136273,32.4852309695,55899,3214
114.109134349,32.5052270962,56014,3530
114.109132423,32.5252226758,57919,3101
114.109130496,32.5452177078,60127,3197
114.109128568,32.5652121934,65672,3861
114.109126637,32.5852061359,64671,3389
114.109124705,32.6051995405,69505,4441
114.109122772,32.6251924141,73184,4763
114.129255423,31.6451531536,91623,5749
114.129253571,31.6651538816,77805,5106
114.129251718,31.6851550349,73719,4564
114.129249864,31.7051565962,74468,4644
114.129248008,31.7251585464,74427,4650
114.129246151,31.745160865,76006,4773
114.129244292,31.7651635301,78829,4934
114.129242431,31.7851665183,80451,5058
114.12924057,31.805169805,88291,6505
114.129238706,31.8251733645,42861,4481
114.129236841,31.8451771698,41739,4940
114.129234975,31.865181193,33789,4009
114.129233107,31.8851854054,34103,2614
114.129231237,31.9051897775,29491,2356
114.129229366,31.9251942789,28904,2513
114.129227494,31.9451988789,26059,2073
114.12922562,31.9652035462,25781,2864
114.129223744,31.9852082493,19006,1800
114.129221867,32.0052129563,17925,1593
114.129219989,32.0252176354,20364,1959
114.129218109,32.0452222546,15689,1517
114.129216227,32.0652267823,12286,1214
114.129214344,32.0852311869,9407,945
114.129212459,32.1052354373,8439,877
114.129210573,32.125239503,7213,809
114.129208685,32.1452433539,7566,726
114.129206796,32.1652469606,9572,990
114.129204905,32.1852502948,12592,1126
114.129203013,32.2052533288,25673,1934
114.129201119,32.2252560362,17503,1414
114.129199223,32.2452583915,26590,2333
114.129197326,32.2652603706,28044,2511
114.129195428,32.2852619505,32170,2631
114.129193528,32.3052631099,42440,2758
114.129191626,32.3252638287,39129,2498
114.129189723,32.3452640885,38634,2461
114.129187818,32.3652638723,40785,2692
114.129185912,32.3852631651,43937,3612
114.129184004,32.4052619533,47295,3563
114.129182095,32.4252602252,48524,3674
114.129180184,32.4452579709,69704,4871
114.129178271,32.4652551824,59039,3518
114.129176357,32.4852518534,60920,3648
114.129174442,32.5052479798,57045,3343
114.129172525,32.5252435589,59697,3595
114.129170606,32.5452385904,61911,3760
114.129168686,32.5652330756,71673,4903
114.129166764,32.5852270177,67353,4278
114.12916484,32.6052204219,70515,4546
114.129162915,32.6252132951,71112,4550
114.14930769,31.6451849627,78810,4961
114.14930585,31.6651856902,76401,4751
114.149304008,31.6851868431,74543,4640
114.149302164,31.7051884039,71810,4432
114.149300319,31.7251903537,72129,4553
114.149298472,31.7451926718,74624,4702
114.149296624,31.7651953365,77093,4942
114.149294775,31.7851983242,82063,5451
114.149292924,31.8052016105,83204,6336
114.149291071,31.8252051695,87735,9796
114.149289217,31.8452089743,39886,3588
114.149287362,31.8652129971,37086,3097
114.149285505,31.885217209,33196,2754
114.149283646,31.9052215806,32135,2588
114.149281786,31.9252260816,33152,2683
114.149279924,31.9452306811,28003,2214
114.149278061,31.965235348,24105,2135
114.149276197,31.9852400506,21361,1861
114.149274331,32.0052447571,22076,1942
114.149272463,32.0252494358,17248,1664
114.149270594,32.0452540545,15238,1527
114.149268723,32.0652585817,14554,1417
114.149266851,32.0852629859,11418,1159
114.149264978,32.1052672359,10412,965
114.149263102,32.1252713011,8478,869
114.149261226,32.1452751515,9355,793
114.149259347,32.1652787578,14508,1231
114.149257468,32.1852820915,14346,1460
114.149255586,32.205285125,17243,1475
114.149253704,32.2252878319,16352,1354
114.149251819,32.2452901868,26404,2468
114.149249933,32.2652921654,30435,2526
114.149248046,32.2852937449,29554,2407
114.149246157,32.3052949039,43778,2892
114.149244267,32.3252956222,40206,2799
114.149242374,32.3452958815,44963,3101
114.149240481,32.3652956649,42663,2804
114.149238586,32.3852949572,45106,3105
114.149236689,32.4052937449,46516,3206
114.149234791,32.4252920163,48845,3653
114.149232891,32.4452897616,68070,4599
114.14923099,32.4652869726,66972,4245
114.149229087,32.4852836432,60324,3605
114.149227183,32.5052797691,58705,3437
114.149225277,32.5252753478,61085,4224
114.149223369,32.5452703788,64456,4167
114.14922146,32.5652648635,71541,4914
114.14921955,32.5852588052,68816,4418
114.149217638,32.6052522089,70608,4654
114.149215724,32.6252450816,91981,5641
114.169365834,31.645222015,92914,5716
114.169364005,31.665222742,75272,4671
114.169362175,31.6852238944,72556,4691
114.169360344,31.7052254548,70573,4362
114.169358511,31.725227404,73548,4659
114.169356676,31.7452297217,73283,4768
114.16935484,31.7652323859,76622,4985
114.169353003,31.7852353731,79631,5343
114.169351164,31.8052386589,81822,5400
114.169349323,31.8252422174,65772,5290
114.169347481,31.8452460218,67558,5601
114.169345638,31.8652500441,38390,3690
114.169343793,31.8852542555,34342,2743
114.169341947,31.9052586266,33450,2844
114.169340099,31.9252631271,32367,4186
114.16933825,31.9452677262,30291,2556
114.169336399,31.9652723926,25845,2368
114.169334546,31.9852770947,22269,1897
114.169332692,32.0052818008,20103,2082
114.169330837,32.0252864789,18969,1935
114.16932898,32.0452910972,18584,1750
114.169327122,32.065295624,14892,1503
114.169325262,32.0853000276,13893,1419
114.169323401,32.1053042771,12537,1149
114.169321538,32.1253083419,10377,1028
114.169319673,32.1453121918,12329,1081
114.169317808,32.1653157976,19022,1633
114.16931594,32.1853191308,18436,1539
114.169314071,32.2053221639,17638,1669
114.169312201,32.2253248704,18435,1512
114.169310329,32.2453272247,19848,1651
114.169308455,32.2653292029,26153,2051
114.16930658,32.2853307819,27313,2096
114.169304704,32.3053319403,29401,2577
114.169302826,32.3253326582,41513,3016
114.169300946,32.345332917,46929,4317
114.169299065,32.3653326999,45142,2984
114.169297183,32.3853319917,45914,3945
114.169295298,32.405330779,48923,5601
114.169293413,32.4253290499,51842,4262
114.169291526,32.4453267947,66518,4214
114.169289637,32.4653240053,64467,4037
114.169287747,32.4853206754,61821,3728
114.169285855,32.5053168008,60688,3609
114.169283961,32.525312379,62544,3792
114.169282067,32.5453074096,71834,5063
114.16928017,32.5653018938,70931,4790
114.169278272,32.585295835,70433,4597
114.169276373,32.6052892382,73733,5836
114.169274472,32.6252821105,92577,5865
114.189422567,31.6452581054,80943,5442
114.18942075,31.665258832,74334,4808
114.189418931,31.6852599839,71670,4452
114.189417112,31.7052615438,68731,4216
114.18941529,31.7252634926,72535,4534
114.189413468,31.7452658098,72753,4573
114.189411644,31.7652684735,78731,5143
114.189409818,31.7852714602,80198,5267
114.189407991,31.8052747456,64222,4907
114.189406162,31.8252783036,63095,4672
114.189404332,31.8452821075,66519,4900
114.189402501,31.8652861293,38463,3345
114.189400668,31.8852903403,40141,4431
114.189398833,31.9052947109,43139,6735
114.189396997,31.9252992109,37472,5024
114.18939516,31.9453038095,34654,2771
114.189393321,31.9653084754,31150,2626
114.189389638,32.0053178827,27540,2309
114.18938595,32.0453271782,24092,3767
114.189382256,32.0853361076,16063,1627
114.189380406,32.1053403567,14806,1304
114.189378556,32.1253444209,14707,1378
114.189356228,32.3653687733,47188,3287
114.189354357,32.3853680646,41351,3570
