lng,lat,distance,time
104.944560559,27.3128347535,202867,16265
104.94455968,27.3328309912,199445,20212
104.944558799,27.3528275017,209342,17204
104.944557918,27.3728242992,201705,16047
104.944557037,27.392821396,209153,17513
104.944556155,27.4128188029,204963,16071
104.944555272,27.4328165288,202728,15838
104.944554388,27.452814581,98631,11270
104.944553504,27.4728129649,95653,10930
104.94455262,27.4928116842,92431,10465
104.944551734,27.5128107409,93356,10992
104.944550848,27.5328101348,99368,14000
104.944549961,27.5528098642,133564,15821
104.944549074,27.5728099254,129125,12637
104.944548186,27.5928103131,93887,11853
104.944547298,27.61281102,127065,11900
104.944546408,27.6328120372,87807,10243
104.944545518,27.6528133539,89367,10372
104.944544628,27.6728149579,85821,9888
104.944543737,27.692816835,86561,9969
104.944542845,27.7128189699,91341,9250
104.944541952,27.7328213454,87197,8671
104.944541059,27.7528239429,85073,8405
104.944540165,27.7728267428,83807,8257
104.944539271,27.7928297238,78541,7445
104.944538376,27.8128328636,82328,7966
104.94453748,27.8328361387,79866,8457
104.944536583,27.8528395247,78187,10082
104.944535686,27.8728429962,98651,10457
104.944534788,27.8928465271,101344,9037
104.94453389,27.9128500904,103432,9132
104.944532991,27.9328536587,109018,9873
104.944532091,27.9528572041,98646,10897
104.944531191,27.9728606981,94819,10556
104.94453029,27.9928641122,105142,10567
104.944529388,28.0128674177,108403,10785
104.944528486,28.0328705858,107218,10650
104.944527583,28.052873588,112434,11254
104.944526679,28.0728763956,169150,13450
104.944525775,28.0928789807,166014,13106
104.94452487,28.1128813155,162830,12656
104.944523964,28.132883373,160097,12366
104.944523058,28.1528851268,162573,12697
104.944522151,28.1728865511,163946,12798
104.944521243,28.1928876211,177936,13490
104.944520335,28.2128883132,169002,12207
104.944519426,28.2328886045,167223,11803
104.944518516,28.2528884736,157860,11235
104.944517606,28.2728879002,156430,11126
104.944516695,28.2928868655,151550,10511
104.964485774,27.3127888432,203671,16629
104.964484881,27.3327850807,202214,16213
104.964483987,27.352781591,195861,17414
104.964483092,27.3727783883,197649,15803
104.964482197,27.3927754849,196554,15239
104.964481301,27.4127728915,198803,15478
104.964480404,27.4327706171,201860,15743
104.964479507,27.4527686691,96064,10640
104.964478609,27.4727670528,94327,10761
104.96447771,27.4927657719,88097,9929
104.96447681,27.5127648283,95852,12944
104.96447591,27.532764222,95657,12035
104.96447501,27.5527639512,94120,11498
104.964474109,27.5727640122,93246,11370
104.964473207,27.5927643997,93165,10663
104.964472304,27.6127651063,90175,10404
104.964471401,27.6327661233,87219,10002
104.964470497,27.6527674398,85160,9702
104.964469592,27.6727690435,84137,9628
104.964468687,27.6927709204,82222,9280
104.964467781,27.712773055,82721,9389
104.964466874,27.7327754303,89088,8928
104.964465967,27.7527780277,87047,8552
104.964465059,27.7727808273,86550,8730
104.96446415,27.792783808,76812,7375
104.964463241,27.8127869476,76942,7318
104.964462331,27.8327902225,77853,7925
104.96446142,27.8527936083,79151,11202
104.964460509,27.8727970796,81240,8251
104.964459597,27.8928006102,95395,10061
104.964458684,27.9128041733,97688,10443
104.964457771,27.9328077414,98545,10376
104.964456857,27.9528112865,93806,10370
104.964455943,27.9728147803,97466,11090
104.964455027,27.9928181942,104048,10445
104.964454111,28.0128214995,104498,10397
104.964453195,28.0328246674,104548,10387
104.964452277,28.0528276692,114435,11463
104.964451359,28.0728304767,118398,12033
104.96445044,28.0928330615,168558,13432
104.964449521,28.1128353961,165395,12827
104.964448601,28.1328374534,160235,12366
104.96444768,28.1528392069,157684,12014
104.964446759,28.172840631,162625,12721
104.964445837,28.1928417008,166897,13211
104.964444914,28.2128423926,163456,11498
104.96444399,28.2328426838,161877,11726
104.964443066,28.2528425526,164525,11577
104.964442142,28.272841979,158082,11629
104.964441216,28.292840944,149843,10142
104.984399554,27.3127327889,203653,16375
104.984398645,27.3327290261,192075,14775
104.984397735,27.3527255362,195006,15129
104.984396824,27.3727223333,197267,15669
104.984395913,27.3927194297,195649,15631
104.984395001,27.4127168361,198651,15522
104.984394088,27.4327145616,200589,15737
104.984393175,27.4527126133,203881,16017
104.984392261,27.4727109968,91074,10339
104.984391346,27.4927097158,85546,9698
104.984390431,27.5127087719,96525,13625
104.984389515,27.5327081654,88009,10460
104.984388598,27.5527078944,90603,10839
104.984387681,27.5727079552,91218,11815
104.984386763,27.5927083425,93793,10547
104.984385844,27.612709049,91689,10541
104.984384924,27.6327100657,91298,10274
104.984384004,27.652711382,83578,9527
104.984383084,27.6727129855,80781,9118
104.984382162,27.6927148623,79233,8862
104.98438124,27.7127169967,93911,9524
104.984380317,27.7327193717,90819,9454
104.984379394,27.7527219689,88912,8935
104.984378469,27.7727247683,89717,9062
104.984377545,27.7927277489,76244,7706
104.984376619,27.8127308882,73540,7091
104.984375693,27.8327341629,73718,7395
104.984374766,27.8527375485,76450,7471
104.984373838,27.8727410196,85630,10747
104.98437291,27.8927445501,87885,8930
104.984371981,27.912748113,94523,9912
104.984371051,27.9327516808,99685,10799
104.984370121,27.9527552258,94018,10399
104.98436919,27.9727587193,92186,10178
104.984368258,27.992762133,98798,10044
104.984367326,28.0127654381,98618,9979
104.984366393,28.0327686058,103680,10737
104.984365459,28.0527716075,111581,10987
104.984364524,28.0727744147,174371,14070
104.984363589,28.0927769994,170932,13907
104.984362653,28.1127793338,167971,13070
104.984361717,28.1327813909,155964,11954
104.984360779,28.1527831442,156992,11992
104.984359841,28.1727845681,166143,13157
104.984358903,28.1927856377,163317,11685
104.984357963,28.2127863293,160731,11269
104.984357023,28.2327866203,161966,11349
104.984356082,28.2527864889,161387,11387
104.984355141,28.2727859151,142185,9628
104.984354199,28.2927848799,146034,9390
105.004308585,27.3126724776,193001,14842
105.004307659,27.3326687146,189909,14543
105.004306732,27.3526652246,190222,14678
105.004305805,27.3726620215,189741,14682
105.004304876,27.3926591177,193428,15193
105.004303948,27.4126565239,91773,10865
105.004303018,27.4326542492,203226,16183
105.004302088,27.4526523007,204259,16041
105.004301157,27.472650684,92865,11020
105.004300226,27.4926494028,87221,9805
105.004299293,27.5126484588,82385,9405
105.00429836,27.5326478521,86100,10231
105.004297427,27.5526475809,87615,10428
105.004296493,27.5726476415,87960,11163
105.004295558,27.5926480286,92118,10328
105.004294622,27.6126487349,86632,9067
105.004293685,27.6326497514,87130,9968
105.004292748,27.6526510675,86325,9163
105.004291811,27.6726526708,78748,8943
105.004290872,27.6926545474,76830,8662
105.004289933,27.7126566816,80198,9076
105.004288993,27.7326590565,85768,8582
105.004288052,27.7526616535,87699,8820
105.004287111,27.7726644527,79814,8134
105.004286169,27.7926674331,73455,7079
105.004285226,27.8126705723,71492,6905
105.004284283,27.8326738468,70208,8260
105.004283339,27.8526772322,78773,10143
105.004282394,27.8726807031,86037,8715
105.004281449,27.8926842333,88554,8988
105.004280502,27.912687796,86834,8861
105.004279556,27.9326913638,88937,9047
105.004278608,27.9526949085,87365,9072
105.00427766,27.9726984019,98446,9927
105.004276711,27.9927018154,92139,9076
105.004275761,28.0127051203,98159,9646
105.00427481,28.0327082878,103767,10264
105.004273859,28.0527112893,107866,10647
105.004272907,28.0727140964,179252,14741
105.004271955,28.0927166808,173053,14289
105.004271001,28.1127190151,170722,13774
105.004270047,28.132721072,170092,13402
105.004269093,28.1527228251,152165,11503
105.004268137,28.1727242487,153484,11789
105.004267181,28.1927253182,148538,11893
105.004266224,28.2127260097,149772,12172
105.004265267,28.2327263004,159298,11157
105.004264308,28.2527261689,155822,11352
105.004263349,28.2727255949,143498,9631
105.00426239,28.2927245595,139122,8860
105.02422018,27.312614349,183459,13557
105.024219238,27.3326105858,184814,13819
105.024218295,27.3526070956,186715,14168
105.024217351,27.3726038923,189714,14672
105.024216407,27.3926009883,193262,15267
105.024215462,27.4125983943,91650,10777
105.024214516,27.4325961194,88321,10564
105.024213569,27.4525941708,86872,10312
105.024212622,27.4725925539,90721,10375
105.024211674,27.4925912724,84618,9517
105.024210726,27.5125903283,80290,9135
105.024209776,27.5325897214,82472,9808
105.024208826,27.5525894499,86261,10283
105.024207875,27.5725895104,82950,9938
105.024206924,27.5925898973,88103,9482
105.024205972,27.6125906034,85022,8966
105.024205019,27.6325916197,82346,8778
105.024204065,27.6525929356,77575,8626
105.024203111,27.6725945388,77810,8876
105.024202156,27.6925964151,74885,8507
105.0242012,27.7125985492,79559,9612
105.024200244,27.7326009238,86490,8804
105.024199286,27.7526035206,80760,7898
105.024198328,27.7726063197,77144,7607
105.02419737,27.7926092999,76417,7608
105.02419641,27.8126124388,73938,7237
105.02419545,27.8326157131,68529,6650
105.02419449,27.8526190983,67062,6492
105.024193528,27.8726225691,83430,13357
105.024192566,27.8926260991,83369,8043
105.024191603,27.9126296617,84104,9061
105.024190639,27.9326332292,84882,8642
105.024189675,27.9526367737,85931,8609
105.02418871,27.9726402669,88044,8586
105.024187744,27.9926436802,96326,9826
105.024186777,28.0126469849,94882,9194
105.02418581,28.0326501523,100805,9625
105.024184842,28.0526531536,103908,9907
105.024183873,28.0726559604,177675,14451
105.024182904,28.0926585447,179121,14761
105.024181933,28.1126608788,174193,14649
105.024180963,28.1326629355,170050,13282
105.024179991,28.1526646884,149672,11226
105.024179018,28.1726661119,152284,11644
105.024178045,28.1926671811,144491,11130
105.024177071,28.2126678724,154463,10885
105.024176097,28.2326681629,154730,10804
105.024175122,28.2526680313,155718,11859
105.024174145,28.2726674571,146047,11198
105.024173169,28.2926664215,137345,8557
105.044141499,27.3125648879,182581,13507
105.044140542,27.3325611245,181874,13693
105.044139585,27.352557634,186906,14180
105.044138626,27.3725544305,192032,15327
105.044137667,27.3925515263,192856,15527
105.044136708,27.4125489321,89597,10631
105.044135747,27.432546657,86518,10257
105.044134786,27.4525447081,83775,9971
105.044133824,27.472543091,83033,10171
105.044132862,27.4925418093,85512,9784
105.044131899,27.5125408649,77845,8831
105.044130935,27.5325402578,77824,9049
105.04412997,27.5525399862,85697,10314
105.044129004,27.5725400464,80170,9523
105.044128038,27.5925404331,81357,9703
105.044127071,27.612541139,74423,9126
105.044126104,27.6325421551,78526,8515
105.044125135,27.6525434708,74763,8330
105.044124166,27.6725450737,71079,8090
105.044123196,27.6925469499,74453,8657
105.044122226,27.7125490837,79500,8578
105.044121254,27.7325514581,67169,8422
105.044120282,27.7525540547,82688,8151
105.04411931,27.7725568535,75281,7459
105.044118336,27.7925598335,72215,7509
105.044117362,27.8125629722,70505,7307
105.044116387,27.8325662463,65360,6232
105.044115411,27.8525696313,64827,6168
105.044114435,27.8725731018,67626,6320
105.044113458,27.8925766317,75434,7202
105.04411248,27.912580194,78059,7407
105.044111501,27.9325837613,81705,7995
105.044110522,27.9525873056,86029,8429
105.044109542,27.9725907986,92383,9356
105.044108561,27.9925942117,101144,10492
105.044107579,28.0125975162,106374,10300
105.044106597,28.0326006833,100660,9583
105.044105614,28.0526036844,101836,9779
105.04410463,28.072606491,147559,10974
105.044103645,28.0926090751,149432,11698
105.04410266,28.1126114089,174179,13999
105.044101674,28.1326134654,173037,13743
105.044100687,28.1526152181,150292,11263
105.0440997,28.1726166414,146566,10984
105.044098711,28.1926177104,140948,10379
105.044097722,28.2126184015,142303,10393
105.044096732,28.2326186918,151759,10462
105.044095742,28.2526185599,138417,9751
105.044094751,28.2726179855,143478,9745
105.044093759,28.2926169497,132631,8666
105.064078235,27.3125291324,177143,12752
105.064077266,27.3325253688,184317,13980
105.064076297,27.3525218781,189622,14543
105.064075327,27.3725186743,189998,14541
105.064074356,27.3925157698,191980,14915
105.064073385,27.4125131754,196910,15952
105.064072412,27.4325109,87668,10420
105.064071439,27.4525089509,85144,10212
105.064070466,27.4725073335,81452,9763
105.064069491,27.4925060516,78211,9282
105.064068516,27.5125051069,75279,8847
105.06406754,27.5325044995,74373,8435
105.064066564,27.5525042276,75629,8798
105.064065586,27.5725042876,76560,9438
105.064064608,27.592504674,76218,9313
105.064063629,27.6125053796,71052,8808
105.06406265,27.6325063955,76079,9357
105.064061669,27.652507711,66574,7423
105.064060688,27.6725093136,68356,7760
105.064059707,27.6925111895,71860,7993
105.064058724,27.7125133231,71092,9668
105.064057741,27.7325156973,66230,8323
105.064056757,27.7525182936,60692,7650
105.064055772,27.7725210921,59316,7558
105.064054786,27.7925240719,72181,7121
105.0640538,27.8125272103,68847,6817
105.064052813,27.8325304842,68208,6792
105.064051825,27.8525338689,62176,5787
105.064050837,27.8725373392,63564,5908
105.064049848,27.8925408688,72172,6723
105.064048858,27.9125444308,78766,7395
105.064047867,27.9325479978,78974,7591
105.064046875,27.9525515419,87961,8736
105.064045883,27.9725550346,86418,8343
105.06404489,27.9925584475,105925,10176
105.064043896,28.0125617517,106904,10490
105.064042902,28.0325649186,103480,9747
105.064041906,28.0525679194,104908,10220
105.06404091,28.0725707258,144959,10460
105.064039914,28.0925733096,149512,11737
105.064038916,28.1125756432,175656,14157
105.064037918,28.1325776994,139509,10732
105.064036919,28.1525794518,142811,10506
105.064035919,28.1725808749,141333,10372
105.064034918,28.1925819436,137835,9881
105.064033917,28.2125826344,141056,10230
105.064032915,28.2325829245,147562,9963
105.064031912,28.2525827923,134539,9142
105.064030908,28.2725822177,131769,8662
105.064029904,28.2925811816,129332,8449
105.084034019,27.312510291,178816,12850
105.084033042,27.3325065271,183005,13942
105.084032064,27.3525030361,186788,14789
105.084031086,27.372499832,195865,15622
105.084030107,27.3924969272,193454,14978
105.084029127,27.4124943324,198171,16146
105.084028146,27.4324920567,90634,10758
105.084027165,27.4524901073,86029,10508
105.084026183,27.4724884896,82315,9818
105.0840252,27.4924872074,80706,9637
105.084024216,27.5124862624,73832,8750
105.084023232,27.5324856548,70644,8134
105.084022247,27.5524853826,71560,8250
105.084021261,27.5724854422,68895,8330
105.084020275,27.5924858283,69910,8380
105.084019287,27.6124865336,69458,8275
105.084018299,27.6324875492,62277,7474
105.084017311,27.6524888643,63805,7173
105.084016321,27.6724904667,69164,7829
105.084015331,27.6924923423,63569,8662
105.08401434,27.7124944755,67905,9324
105.084013348,27.7324968494,72918,9130
105.084012355,27.7524994454,57335,7693
105.084011362,27.7725022437,57107,7349
105.084010368,27.7925052231,73129,7216
105.084009373,27.8125083613,73404,7226
105.084008378,27.8325116348,75087,7392
105.084007381,27.8525150192,60007,5577
105.084006384,27.8725184892,65085,6201
105.084005386,27.8925220185,90075,9010
105.084004388,27.9125255802,78308,7369
105.084003389,27.9325291469,80049,7609
105.084002388,27.9525326907,90495,8923
105.084001388,27.9725361831,90796,8945
105.084000386,27.9925395957,106966,10321
105.083999384,28.0125428996,108441,10470
105.08399838,28.0325460661,105698,9883
105.083997376,28.0525490667,147976,10606
105.083996372,28.0725518727,142649,10307
105.083995366,28.0925544562,137149,10296
105.08399436,28.1125567895,133371,9779
105.083993353,28.1325588454,134765,9658
105.083992345,28.1525605976,140331,10134
105.083991337,28.1725620203,130800,9127
105.083990328,28.1925630888,135027,9527
105.083989318,28.2125637792,132348,10098
105.083988307,28.232564069,143534,9528
105.083987295,28.2525639365,132315,8900
105.083986283,28.2725633616,129898,8809
105.08398527,28.2925623252,126372,8165
105.104009936,27.3125092995,176335,12867
105.104008954,27.3325055352,182036,13179
105.104007972,27.3525020438,161463,13080
105.104006989,27.3724988394,195746,15543
105.104006005,27.3924959342,194942,15130
105.10400502,27.4124933391,196751,15682
105.104004035,27.4324910631,95095,11826
105.104003049,27.4524891133,96712,11681
105.104002062,27.4724874953,86462,10409
105.104001075,27.4924862127,83769,10073
105.104000086,27.5124852673,72525,8329
105.103999097,27.5324846593,70389,8493
105.103998107,27.5524843867,67965,7873
105.103997117,27.572484446,64969,7609
105.103996125,27.5924848318,65810,7819
105.103995133,27.6124855367,63083,7145
105.103994141,27.6324865519,59888,6765
105.103993147,27.6524878667,60784,6885
105.103992153,27.6724894687,63128,7361
105.103991158,27.6924913439,66786,7825
105.103990162,27.7124934769,70217,9472
105.103989165,27.7324958504,67028,9301
105.103988168,27.752498446,58301,7927
105.10398717,27.7725012439,54878,7173
105.103986171,27.792504223,75410,7682
105.103985171,27.8125073608,76475,7725
105.103984171,27.832510634,76499,7650
105.103983169,27.852514018,59294,5512
105.103982168,27.8725174876,69257,7058
105.103981165,27.8925210165,89615,8996
105.103980161,27.9125245779,85059,8342
105.103979157,27.9325281443,82909,8086
105.103978152,27.9525316877,91314,8632
105.103977146,27.9725351798,91602,9049
105.10397614,27.992538592,104010,9992
105.103975133,28.0125418955,112249,11008
105.103974125,28.0325450617,112415,10713
105.103973116,28.0525480619,109316,10325
105.103972106,28.0725508676,140694,10174
105.103971096,28.0925534507,140053,10174
105.103970085,28.1125557837,134935,10480
105.103969073,28.1325578392,132417,9444
105.10396806,28.152559591,130741,9536
105.103967047,28.1725610134,128189,8791
105.103966033,28.1925620815,136788,9908
105.103965018,28.2125627716,130257,9510
105.103964002,28.232563061,140995,9297
105.103962985,28.2525629282,136605,8976
105.103961968,28.2725623529,133750,8717
105.10396095,28.2925613162,128479,8560
105.124004404,27.3125247126,173960,12082
105.124003421,27.3325209479,184063,13350
105.124002437,27.3525174561,158820,12653
105.124001453,27.3725142512,159677,13089
105.124000467,27.3925113457,161235,13299
105.123999481,27.4125087502,198675,16252
105.123998495,27.4325064737,135849,13049
105.123997507,27.4525045235,97327,11595
105.123996519,27.4725029051,94811,11719
105.12399553,27.4925016221,99505,12272
105.12399454,27.5125006763,81506,9777
105.12399355,27.5325000679,71867,8445
105.123992559,27.5524997949,67218,7954
105.123991567,27.5724998538,66420,7820
105.123990574,27.5925002392,62042,7338
105.12398958,27.6125009437,59756,7007
105.123988586,27.6325019585,57267,6600
105.123987591,27.6525032729,64367,7627
105.123986595,27.6725048745,64894,7670
105.123985599,27.6925067493,55762,7627
105.123984602,27.7125088818,68741,9437
105.123983603,27.7325112549,61712,8682
105.123982605,27.7525138502,70538,10524
105.123981605,27.7725166477,51754,7006
105.123980605,27.7925196263,52217,7018
105.123979604,27.8125227637,48444,6651
105.123978602,27.8325260365,58373,5637
105.123977599,27.8525294201,55988,5271
105.123976596,27.8725328893,57960,5446
105.123975592,27.8925364179,61455,5903
105.123974587,27.9125399788,91844,9170
105.123973581,27.9325435448,96259,9058
105.123972575,27.9525470878,95440,8995
105.123971568,27.9725505795,101798,9690
105.12397056,27.9925539912,104101,10017
105.123969551,28.0125572944,110884,10565
105.123968542,28.0325604602,110783,10551
105.123967531,28.0525634599,110842,10450
105.12396652,28.0725662653,145550,11049
105.123965509,28.092568848,134227,9533
105.123964496,28.1125711805,129218,9560
105.123963483,28.1325732357,129646,9197
105.123962469,28.152574987,136015,9891
105.123961454,28.172576409,124597,8424
105.123960438,28.1925774767,127187,8840
105.123959422,28.2125781664,121916,8821
105.123958404,28.2325784554,124080,9493
105.123957386,28.2525783222,139751,9217
105.123956368,28.2725777465,131151,8432
105.123955348,28.2925767093,129132,8539
105.144013427,27.31255293,173454,11874
105.144012445,27.3325491649,177607,12506
105.144011463,27.3525456726,155888,12147
105.144010479,27.3725424673,157087,12386
105.144009495,27.3925395613,158539,12755
105.14400851,27.4125369654,134374,12993
105.144007525,27.4325346885,134374,12993
105.144006539,27.4525327379,131604,12554
105.144005552,27.472531119,135044,12826
105.144004564,27.4925298355,137919,13379
105.144003575,27.5125288894,79899,9636
105.144002586,27.5325282805,77579,9397
105.144001596,27.5525280071,72585,9046
105.144000605,27.5725280655,65457,7645
105.143999614,27.5925284504,60623,6998
105.143998622,27.6125291545,58002,6753
105.143997629,27.6325301689,55006,6348
105.143996635,27.6525314828,52530,6090
105.14399564,27.672533084,57961,6648
105.143994645,27.6925349584,49542,5851
105.143993649,27.7125370904,72592,10007
105.143992652,27.7325394631,64870,8762
105.143991655,27.7525420579,58148,8476
105.143990656,27.7725448549,51443,6999
105.143989657,27.7925478331,49807,6859
105.143988657,27.8125509701,47647,6546
105.143987657,27.8325542424,59914,5806
105.143986656,27.8525576257,55313,5200
105.143985653,27.8725610944,53752,5090
105.143984651,27.8925646225,62949,6177
105.143983647,27.912568183,62678,6117
105.143982643,27.9325717485,95128,9440
105.143981637,27.9525752911,97905,9206
105.143980631,27.9725787823,100187,9383
105.143979625,27.9925821937,103796,9649
105.143978617,28.0125854964,106977,9993
105.143977609,28.0325886617,113860,10629
105.1439766,28.052591661,113050,10839
105.14397559,28.0725944659,147527,11323
105.14397458,28.0925970482,130729,9459
105.143973569,28.1125993802,126955,8971
105.143972557,28.132601435,126137,8771
105.143971544,28.1526031859,138017,10277
105.14397053,28.1726046074,120855,8059
105.143969516,28.1926056747,129704,9313
105.143968501,28.212606364,119811,8453
105.143967485,28.2326066525,123476,9327
105.143966468,28.2526065188,117043,8169
105.143965451,28.2726059427,115636,8101
105.143964432,28.2926049051,124668,9310
105.164031185,27.3125887239,174932,12094
105.164030206,27.3325849583,152563,11602
105.164029227,27.3525814656,155674,12109
105.164028246,27.3725782598,156224,12162
105.164027265,27.3925753534,157598,12998
105.164026283,27.412572757,156493,12764
105.1640253,27.4325704796,127490,12216
105.164024317,27.4525685285,127442,12041
105.164023332,27.4725669092,129532,11763
105.164022347,27.4925656252,130091,12088
105.164021362,27.5125646786,80648,10050
105.164020375,27.5325640693,75895,9493
105.164019388,27.5525637954,73008,8730
105.1640184,27.5725638534,70695,8534
105.164017411,27.5925642378,64740,7564
105.164016422,27.6125649415,60196,7002
105.164015432,27.6325659554,58607,6844
105.164014441,27.6525672688,53311,6270
105.164013449,27.6725688695,50117,5830
105.164012457,27.6925707434,48019,5518
105.164011464,27.712572875,49323,5909
105.16401047,27.7325752472,62592,8471
105.164009475,27.7525778416,57192,8463
105.16400848,27.7725806382,51935,7082
105.164007483,27.7925836159,50313,6975
105.164006486,27.8125867524,43984,5477
105.164005489,27.8325900243,49990,5510
105.16400449,27.852593407,52290,5204
105.164003491,27.8725968753,54558,5662
105.164002491,27.8926004029,55172,5523
105.16400149,27.912603963,103748,9891
105.164000489,27.932607528,104510,10066
105.163999486,27.9526110701,101547,9647
105.163998483,27.9726145609,101763,9559
105.16399748,27.9926179717,107975,10128
105.163996475,28.012621274,111959,10674
105.16399547,28.0326244389,157234,12642
105.163994464,28.0526274377,157147,12477
105.163993457,28.0726302421,149906,11620
105.163992449,28.092632824,129615,9422
105.163991441,28.1126351556,127204,9156
105.163990432,28.1326372098,124031,8611
105.163989422,28.1526389603,123344,8545
105.163988411,28.1726403813,121173,8126
105.1639874,28.1926414481,115495,7611
105.163986387,28.2126421369,118555,8139
105.163985374,28.232642425,116427,8388
105.163984361,28.2526422909,115142,7895
105.163983346,28.2726417142,113680,7816
105.163982331,28.2926406762,125174,9324
105.18405088,27.3126259918,146816,10705
105.184049904,27.3326222257,148467,10928
105.184048928,27.3526187325,148662,11214
105.18404795,27.3726155263,151813,11823
105.184046972,27.3926126194,154467,12402
105.184045993,27.4126100225,155230,12651
105.184045014,27.4326077446,125699,11880
105.184044033,27.4526057931,122626,11399
105.184043052,27.4726041733,126158,11524
105.184042071,27.4926028889,80710,9385
105.184041088,27.5126019418,78007,9210
105.184040105,27.532601332,74590,8994
105.184039121,27.5526010577,72251,8785
105.184038136,27.5726011152,70571,8633
105.18403715,27.5926014991,66879,8040
105.184036164,27.6126022023,63317,7616
105.184035177,27.6326032157,60029,7215
105.184034189,27.6526045287,58759,7042
105.184033201,27.672606129,52331,6008
105.184032212,27.6926080024,54034,6337
105.184031222,27.7126101335,43887,5058
105.184030231,27.7326125053,48187,5596
105.184029239,27.7526150991,51834,6114
105.184028247,27.7726178953,54541,6639
105.184027254,27.7926208725,55083,7591
105.18402626,27.8126240086,41706,4885
105.184025266,27.83262728,47645,5369
105.184024271,27.8526306622,50573,5027
105.184023275,27.87263413,50277,4932
105.184022278,27.8926376572,55134,5647
105.18402128,27.9126412168,103743,9890
105.184020282,27.9326447814,105846,10502
105.184019283,27.952648323,105097,10378
105.184018283,27.9726518133,107327,11062
105.184017283,27.9926552237,125523,10589
105.184016282,28.0126585255,119622,10577
105.184015279,28.0326616899,116398,9775
105.184014277,28.0526646883,152444,11995
105.184013273,28.0726674922,133473,10882
105.184012269,28.0926700736,131658,10095
105.184011264,28.1126724047,128954,9233
105.184010258,28.1326744585,122239,8334
105.184009251,28.1526762085,120777,8181
105.184008244,28.172677629,118318,7944
105.184007236,28.1926786954,119243,8670
105.184006227,28.2126793837,112578,7406
105.184005217,28.2326796713,110070,7224
105.184004206,28.2526795367,111788,7511
105.184003195,28.2726789596,110965,7490
105.184002183,28.2926779211,113095,8506
105.20406571,27.31265863,144502,10262
105.204064736,27.3326548635,145393,10556
105.204063762,27.3526513699,146994,11035
105.204062787,27.3726481632,147892,11353
105.204061811,27.3926452558,149095,11519
105.204060834,27.4126426585,151655,12025
105.204059857,27.4326403802,125313,12037
105.204058879,27.4526384281,119512,10984
105.2040579,27.4726368079,120255,11030
105.20405692,27.4926355231,83104,9549
105.20405594,27.5126345755,79300,10116
105.204054959,27.5326339652,76127,9248
105.204053977,27.5526336904,75358,9032
105.204052995,27.5726337475,71788,9027
105.204052012,27.592634131,65536,7852
105.204051028,27.6126348337,60049,7134
105.204050043,27.6326358467,57415,6757
105.204049058,27.6526371593,55714,6549
105.204048071,27.672638759,54315,6558
105.204047084,27.692640632,53144,6295
105.204046097,27.7126427627,45708,5119
105.204045108,27.732645134,37882,4159
105.204044119,27.7526477274,34936,3926
105.204043129,27.772650523,29102,3600
105.204042139,27.7926534998,58284,8377
105.204041147,27.8126566354,38722,4583
105.204040155,27.8326599064,49251,5612
105.204039162,27.8526632882,47405,4637
105.204038168,27.8726667555,48960,4840
105.204037174,27.8926702822,50811,5056
105.204036179,27.9126738414,105454,10328
105.204035183,27.9326774055,103608,9890
105.204034186,27.9526809467,126418,11627
105.204033189,27.9726844365,123288,11270
105.20403219,27.9926878465,120032,10705
105.204031192,28.0126911478,116399,9823
105.204030192,28.0326943117,113713,9083
105.204029191,28.0526973097,116280,9539
105.20402819,28.0727001131,115304,10148
105.204027188,28.092702694,131244,9938
105.204026185,28.1127050247,127156,9629
105.204025182,28.132707078,124109,9021
105.204024178,28.1527088276,121959,8320
105.204023173,28.1727102477,119435,8292
105.204022167,28.1927113136,116061,7945
105.20402116,28.2127120015,113080,7502
105.204020153,28.2327122886,111888,7570
105.204019145,28.2527121536,107409,7031
105.204018136,28.272711576,107558,7191
105.204017126,28.2927105371,119063,7475
105.224069844,27.312681404,141695,10008
105.22406887,27.3326776371,142223,10153
105.224067896,27.352674143,142830,10454
105.224066922,27.3726709359,145468,10758
105.224065946,27.3926680281,147450,11020
105.22406497,27.4126654304,151817,12255
105.224063993,27.4326631516,150125,11096
105.224063015,27.4526611992,154101,11561
105.224062037,27.4726595785,115424,10587
105.224061058,27.4926582932,122334,11272
105.224060078,27.5126573453,79351,10250
105.224059097,27.5326567346,80631,10379
105.224058116,27.5526564593,80024,9876
105.224057133,27.572656516,69037,8265
105.224056151,27.5926568991,111085,9110
105.224055167,27.6126576014,63337,7543
105.224054183,27.6326586139,58464,6970
105.224053197,27.652659926,55290,6241
105.224052212,27.6726615254,49415,5694
105.224051225,27.6926633979,45345,5202
105.224050238,27.7126655282,42142,4698
105.22404925,27.732667899,40196,4606
105.224048261,27.752670492,30920,3350
105.224047271,27.7726732873,27840,3089
105.224046281,27.7926762636,36668,4401
105.22404529,27.8126793988,36061,4206
105.224044298,27.8326826693,41641,4319
105.224043305,27.8526860507,40178,4279
105.224042312,27.8726895176,45332,4481
105.224041318,27.8926930439,51155,5134
105.224040323,27.9126966026,50380,4966
105.224039328,27.9327001663,106715,10500
105.224038331,27.952703707,107199,10288
105.224037334,27.9727071965,121638,10839
105.224036336,27.992710606,121424,10823
105.224035338,28.0127139069,116731,9594
105.224034338,28.0327170704,112413,8956
105.224033338,28.0527200679,113283,9279
105.224032337,28.0727228709,111370,8874
105.224031336,28.0927254514,112222,9046
105.224030333,28.1127277817,111750,10932
105.22402933,28.1327298346,122429,8691
105.224028326,28.1527315837,121085,8405
105.224027322,28.1727330034,124584,8629
105.224026316,28.1927340688,119959,8919
105.22402531,28.2127347563,120626,9110
105.224024303,28.232735043,112187,8264
105.224023295,28.2527349075,107465,7377
105.224022287,28.2727343295,103972,6910
105.224021278,28.2927332902,102963,6751
105.244059258,27.3126906931,141778,10118
105.244058282,27.3326869257,138394,9626
105.244057306,27.3526834313,143180,10246
105.244056329,27.3726802238,141905,10136
105.244055351,27.3926773156,144652,10535
105.244054372,27.4126747175,148126,10875
105.244053393,27.4326724384,150818,11216
105.244052413,27.4526704855,156558,11872
105.244051432,27.4726688645,114123,10540
105.244050451,27.4926675788,111222,9904
105.244049468,27.5126666304,109085,9351
105.244048485,27.5326660193,81573,10669
105.244047502,27.5526657437,107351,9370
105.244046517,27.5726658,110635,9199
105.244045532,27.5926661827,109017,8866
105.244044546,27.6126668846,66995,7855
105.244043559,27.6326678968,103126,8317
105.244042572,27.6526692085,53047,6080
105.244041584,27.6726708074,52004,5991
105.244040595,27.6926726796,47705,5494
105.244039605,27.7126748095,46769,5432
105.244038615,27.7326771799,35113,3675
105.244037624,27.7526797725,24044,2380
105.244036632,27.7726825674,29629,3225
105.244035639,27.7926855434,34669,3876
105.244034645,27.8126886782,34045,3742
105.244033651,27.8326919483,36043,3902
105.244032656,27.8526953293,40938,4549
105.244031661,27.8726987958,43537,4313
105.244030664,27.8927023217,47266,4674
105.244029667,27.91270588,50131,4938
105.244028669,27.9327094433,50279,4959
105.24402767,27.9527129837,128513,12577
105.244026671,27.9727164727,127856,12352
105.244025671,27.9927198818,117712,9833
105.24402467,28.0127231824,115494,9673
105.244023668,28.0327263455,114750,9731
105.244022666,28.0527293426,108052,8549
105.244021662,28.0727321453,108830,8738
105.244020658,28.0927347254,107163,8825
105.244019653,28.1127370552,111552,10842
105.244018648,28.1327391077,124534,8923
105.244017642,28.1527408565,125039,9009
105.244016635,28.1727422757,126590,9595
105.244015627,28.1927433408,120198,9224
105.244014618,28.2127440279,116008,8554
105.244013609,28.2327443142,109365,7784
105.244012599,28.2527441783,109797,7574
105.244011588,28.2727436,103676,6884
105.244010576,28.2927425602,105051,6992
105.264032308,27.3126850048,136679,9378
105.264031327,27.3326812371,135793,9409
105.264030345,27.3526777423,137706,9541
105.264029363,27.3726745345,142433,10237
105.26402838,27.3926716259,143852,10398
105.264027396,27.4126690274,146604,10991
105.264026412,27.432666748,129297,9442
105.264025426,27.4526647948,126165,9388
105.26402444,27.4726631734,127065,9762
105.264023454,27.4926618874,129629,10469
105.264022466,27.5126609387,108311,9264
105.264021478,27.5326603273,107247,9356
105.264020489,27.5526600513,105709,8990
105.264019499,27.5726601072,106163,8647
105.264018508,27.5926604896,107428,8722
105.264017517,27.6126611911,101828,8098
105.264016525,27.6326622029,100311,7869
105.264015532,27.6526635143,54703,6290
105.264014539,27.6726651129,59130,7008
105.264013545,27.6926669848,49807,5908
105.26401255,27.7126691143,49971,5773
105.264011554,27.7326714844,31070,3318
105.264010557,27.7526740767,24233,2460
105.26400956,27.7726768712,24955,2519
105.264008562,27.7926798468,30589,3274
105.264007563,27.8126829812,32600,3563
105.264006564,27.832686251,46563,4602
105.264005563,27.8526896317,46146,4709
105.264004562,27.8726930979,40682,4103
105.26400356,27.8926966234,43005,4381
105.264002558,27.9127001814,44870,4510
105.264001555,27.9327037444,45476,4599
105.26400055,27.9527072844,128539,12589
105.263999546,27.972710773,68456,6725
105.26399854,27.9927141818,112700,10008
105.263997534,28.012717482,111563,9650
105.263996526,28.0327206448,109021,8879
105.263995518,28.0527236416,106601,8623
105.26399451,28.0727264439,103188,8122
105.2639935,28.0927290236,102260,8583
105.26399249,28.1127313531,108557,10126
105.263991479,28.1327334053,103960,9193
105.263990467,28.1527351537,123576,9141
105.263989455,28.1727365726,126399,9660
105.263988442,28.1927376374,117178,8839
105.263987428,28.2127383241,114323,8449
105.263986413,28.2327386101,108348,7689
105.263985397,28.2527384739,110294,8386
105.263984381,28.2727378951,104739,6850
105.263983364,28.292736855,108060,7248
105.283989969,27.3126651871,132991,9079
105.283988981,27.3326614191,134785,9230
105.283987991,27.352657924,137532,9670
105.283987001,27.3726547158,135154,9265
105.28398601,27.392651807,145659,10540
105.283985018,27.4126492082,147756,10671
105.283984025,27.4326469285,127149,10531
105.283983032,27.452644975,124793,9181
105.283982038,27.4726433533,123858,9302
105.283981043,27.492642067,128707,10189
105.283980047,27.5126411179,110929,9006
105.283979051,27.5326405062,104849,8418
105.283978054,27.55264023,102645,8088
105.283977056,27.5726402856,102449,8151
105.283976057,27.5926406676,104175,8383
105.283975058,27.6126413689,101823,8201
105.283974058,27.6326423804,97373,7832
105.283973057,27.6526436915,102787,8478
105.283972055,27.6726452898,64977,7605
105.283971053,27.6926471613,54848,6807
105.28397005,27.7126492905,55831,6823
105.283969046,27.7326516603,29622,3366
105.283968041,27.7526542523,26753,2968
105.283967036,27.7726570465,19056,1701
105.283966029,27.7926600218,19891,1916
105.283965022,27.8126631559,48149,5183
105.283964015,27.8326664254,46530,4846
105.283963006,27.8526698058,44194,4413
105.283961997,27.8726732717,38617,3836
105.283960987,27.8926767969,40586,4172
105.283959976,27.9126803546,44319,4751
105.283958964,27.9326839172,52899,5371
105.283957952,27.9526874569,53612,5395
105.283956939,27.9726909453,68012,6724
105.283955925,27.9926943538,64106,6013
105.28395491,28.0126976537,67718,6714
105.283953895,28.0327008161,65819,6376
105.283952879,28.0527038126,105406,8319
105.283951862,28.0727066146,102318,8006
105.283950844,28.0927091941,100024,7922
105.283949825,28.1127115233,99734,8192
105.283948806,28.1327135751,101881,8648
105.283947786,28.1527153232,121217,8886
105.283946765,28.1727167419,119824,8784
105.283945744,28.1927178063,115093,8418
105.283944721,28.2127184927,111418,8103
105.283943698,28.2327187784,108989,7909
105.283942674,28.2527186419,105831,7662
105.283941649,28.2727180629,101201,7357
105.283940624,28.2927170224,103813,7393
105.303935701,27.3126343077,134542,9117
105.303934702,27.3326305395,130754,8692
105.303933702,27.3526270441,132246,9151
105.303932702,27.3726238357,133410,9126
105.3039317,27.3926209266,135851,9616
105.303930698,27.4126183275,137515,9928
105.303929696,27.4326160475,124963,10218
105.303928692,27.4526140937,119108,9311
105.303927688,27.4726124718,118479,9107
105.303926683,27.4926111852,111081,9015
105.303925677,27.5126102359,108266,8653
105.30392467,27.5326096239,104955,8319
105.303923663,27.5526093474,101434,8036
105.303922655,27.5726094027,100700,7861
105.303921646,27.5926097845,98835,7770
105.303920636,27.6126104854,97483,7582
105.303919626,27.6326114967,94636,7551
105.303918615,27.6526128075,67358,8048
105.303917603,27.6726144055,65790,7662
105.30391659,27.6926162768,99321,7692
105.303915576,27.7126184057,19538,1844
105.303914562,27.7326207753,19798,2242
105.303913547,27.7526233669,20362,2242
105.303912531,27.7726261609,16620,1420
105.303911515,27.7926291359,18076,1669
105.303910497,27.8126322698,20622,2325
105.303909479,27.832635539,23642,2355
105.30390846,27.8526389191,27646,3118
105.30390744,27.8726423847,36581,3691
105.30390642,27.8926459097,37422,3769
105.303905399,27.9126494671,40574,4095
105.303904377,27.9326530295,52019,5145
105.303903354,27.9526565689,52247,5157
105.30390233,27.972660057,61915,6177
105.303901306,27.9926634652,62057,5897
105.303900281,28.0126667648,62366,5944
105.303899255,28.032669927,65759,6381
105.303898228,28.0526729232,66814,6657
105.303897201,28.072675725,97888,8754
105.303896172,28.0926783041,101168,8264
105.303895143,28.1126806331,96427,7512
105.303894113,28.1326826847,99248,8329
105.303893083,28.1526844325,91806,7741
105.303892051,28.1726858509,118006,8671
105.303891019,28.192686915,116449,8712
105.303889986,28.2126876012,111693,8033
105.303888952,28.2326878866,108492,7817
105.303887918,28.2526877498,106488,7718
105.303886882,28.2726871705,93635,6122
105.303885846,28.2926861298,100648,7747
105.323874956,27.3125972185,133757,8929
105.323873946,27.33259345,127496,8425
105.323872934,27.3525899544,129475,8819
105.323871923,27.3725867457,131987,9121
105.32387091,27.3925838363,134540,9483
105.323869897,27.412581237,136670,9646
105.323868883,27.4325789567,139945,10100
105.323867868,27.4525770027,118008,9076
105.323866852,27.4725753805,116230,8910
105.323865836,27.4925740936,121957,9155
105.323864818,27.5125731441,109433,8923
105.3238638,27.5325725318,105681,8349
105.323862781,27.552572255,100975,8477
105.323861762,27.5725723101,97694,7623
105.323860742,27.5925726916,95771,7334
105.32385972,27.6125733924,93887,7335
105.323858699,27.6325744034,91885,6957
105.323857676,27.6525757139,93788,7298
105.323856652,27.6725773117,96250,7435
105.323855628,27.6925791827,98502,7611
105.323854603,27.7125813114,103837,9278
105.323853577,27.7325836807,16412,1639
105.323852551,27.7525862721,20219,2308
105.323851523,27.7725890658,19793,2142
105.323850495,27.7925920406,14754,1205
105.323849466,27.8125951742,19800,2362
105.323848437,27.8325984431,20294,2134
105.323847406,27.852601823,25717,2611
105.323846375,27.8726052883,35330,3597
105.323845343,27.892608813,36588,3886
105.32384431,27.9126123702,40896,4153
105.323843276,27.9326159324,43263,4381
105.323842242,27.9526194715,50018,4896
105.323841206,27.9726229594,52846,5199
105.32384017,27.9926263673,60043,5656
105.323839133,28.0126296667,59764,5756
105.323838096,28.0326328286,61700,5990
105.323837057,28.0526358246,63964,6679
105.323836018,28.0726386261,94014,7977
105.323834978,28.092641205,94490,7740
105.323833937,28.1126435337,93859,7273
105.323832896,28.132645585,89519,7218
105.323831853,28.1526473326,90899,7661
105.32383081,28.1726487507,92234,7926
105.323829766,28.1926498146,120829,9100
105.323828721,28.2126505005,94711,7609
105.323827675,28.2326507857,109866,7875
105.323826629,28.2526506486,111623,8001
105.323825582,28.2726500691,95198,6706
105.323824534,28.2926490281,99627,7517
105.343814411,27.3125598648,136967,9088
105.343813389,27.332556096,126515,8388
105.343812367,27.3525526002,124783,8262
105.343811344,27.3725493912,128576,9118
105.34381032,27.3925464816,132095,9745
105.343809295,27.412543882,131617,9654
105.34380827,27.4325416015,119513,9063
105.343807244,27.4525396472,114303,8838
105.343806217,27.4725380247,113280,8710
105.343805189,27.4925367377,115660,8571
105.34380416,27.5125357879,107051,8649
105.343803131,27.5325351753,107410,8800
105.343802101,27.5525348983,99158,7810
105.34380107,27.5725349531,96238,7467
105.343800038,27.5925353344,93739,7181
105.343799005,27.6125360349,89980,6728
105.343797972,27.6325370456,89556,6644
105.343796938,27.6525383559,92122,6952
105.343795903,27.6725399534,81392,5940
105.343794867,27.6925418242,99140,8291
105.343793831,27.7125439526,101195,8862
105.343792794,27.7325463216,106642,9152
105.343791755,27.7525489128,13194,1120
105.343790717,27.7725517063,13888,1396
105.343789677,27.7925546808,11560,911
105.343788636,27.8125578142,17287,1699
105.343787595,27.8325610829,20860,2201
105.343786553,27.8525644624,33881,3469
105.34378551,27.8725679276,31290,3081
105.343784466,27.892571452,30938,3158
105.343783422,27.9125750089,52224,5483
105.343782377,27.9325785708,50086,4886
105.343781331,27.9525821097,52244,5014
105.343780284,27.9725855973,56970,5795
105.343779236,27.992589005,57266,5438
105.343778187,28.0125923041,57351,5382
105.343777138,28.0325954658,60553,5654
105.343776088,28.0525984615,95594,7699
105.343775037,28.0726012628,94313,7726
105.343773985,28.0926038414,90974,7111
105.343772933,28.1126061699,89691,7753
105.343771879,28.1326082209,86118,6703
105.343770825,28.1526099682,87346,6957
105.34376977,28.1726113861,88199,6999
105.343768714,28.1926124498,92303,7167
105.343767658,28.2126131354,90841,7036
105.3437666,28.2326134203,93524,6896
105.343765542,28.252613283,113638,7209
105.343764483,28.2726127032,93721,6624
105.343763423,28.2926116621,101969,7240
105.363761017,27.3125284387,132578,9670
105.363759986,27.3325246697,126660,8688
105.363758953,27.3525211735,123399,8198
105.36375792,27.3725179643,127356,8830
105.363756886,27.3925150545,127194,8905
105.363755852,27.4125124546,129869,9258
105.363754816,27.4325101738,117418,8720
105.36375378,27.4525082193,115411,9069
105.363752743,27.4725065965,110923,8201
105.363751705,27.4925053091,114144,8558
105.363750666,27.5125043591,111234,8637
105.363749627,27.5325037463,103457,8193
105.363748586,27.552503469,101111,8150
105.363747545,27.5725035235,100783,7832
105.363746504,27.5925039045,93540,7009
105.363745461,27.6125046047,90139,6608
105.363744417,27.6325056152,111585,7558
105.363743373,27.6525069252,92596,6845
105.363742328,27.6725085225,94891,7322
105.363741282,27.692510393,100895,8061
105.363740235,27.7125125211,104147,8487
105.363739188,27.7325148899,105453,8812
105.36373814,27.7525174808,14695,1312
105.363737091,27.772520274,9803,801
105.363736041,27.7925232483,9153,709
105.36373499,27.8125263813,12620,1603
105.363733938,27.8325296498,21988,2359
105.363732886,27.8525330291,28103,3517
105.363731833,27.8725364939,30082,2971
105.363730779,27.8925400181,30743,3252
105.363729724,27.9125435747,30735,3366
105.363728669,27.9325471364,56668,5779
105.363727612,27.952550675,57312,5934
105.363726555,27.9725541623,62076,6137
105.363725497,27.9925575698,60010,5966
105.363724438,28.0125608686,57390,5826
105.363723379,28.03256403,95745,7376
105.363722318,28.0525670255,92614,7126
105.363721257,28.0725698264,92373,7213
105.363720195,28.0925724048,89878,7091
105.363719132,28.112574733,87721,7228
105.363718068,28.1325767838,83592,6366
105.363717003,28.1525785308,84822,6758
105.363715938,28.1725799484,84345,6922
105.363714872,28.1925810118,91074,7065
105.363713805,28.2125816972,88437,6873
105.363712737,28.2325819818,90678,6247
105.363711668,28.2525818443,89688,6455
105.363710599,28.2725812642,90547,6498
105.363709528,28.2925802228,97266,6898
105.383721008,27.3125084938,127374,8832
105.383719969,27.3325047244,126021,8642
105.383718929,27.352501228,122983,8153
105.383717889,27.3724980185,124212,8392
105.383716847,27.3924951083,126513,8607
105.383715805,27.4124925081,113349,7535
105.383714762,27.432490227,113734,8313
105.383713718,27.4524882722,111721,8094
105.383712673,27.4724866491,108692,7801
105.383711628,27.4924853615,108069,7745
105.383710581,27.5124844111,108637,8041
105.383709534,27.532483798,105346,8202
105.383708486,27.5524835204,109823,8256
105.383707437,27.5724835746,98226,7577
105.383706388,27.5924839553,91393,6456
105.383705337,27.6124846552,91865,6766
105.383704286,27.6324856654,93687,6997
105.383703234,27.6524869751,94054,7167
105.383702182,27.6724885721,95206,7199
105.383701128,27.6924904422,98886,7569
105.383700074,27.7124925701,101814,8172
105.383699018,27.7324949386,102456,7102
105.383697962,27.7524975292,109478,9489
105.383696905,27.772500322,14673,1356
105.383695848,27.792503296,6315,518
105.383694789,27.8125064288,9164,950
105.38369373,27.8325096969,17541,1509
105.38369267,27.8525130759,27440,3575
105.383691609,27.8725165405,30824,3102
105.383690547,27.8925200643,26099,2628
105.383689485,27.9125236207,27732,2696
105.383688421,27.932527182,57729,5974
105.383687357,27.9525307203,58171,6245
105.383686292,27.9725342074,51728,5271
105.383685226,27.9925376145,56947,5815
105.383684159,28.012540913,54008,5392
105.383683092,28.0325440741,67871,6052
105.383682024,28.0525470693,65746,5754
105.383680954,28.0725498699,89999,6953
105.383679884,28.092552448,87001,6621
105.383678814,28.1125547759,83931,6380
105.383677742,28.1325568264,81357,6172
105.38367667,28.1525585731,80618,6229
105.383675596,28.1725599904,81185,6328
105.383674522,28.1925610535,86330,6808
105.383673447,28.2125617386,84793,6602
105.383672371,28.2325620229,88204,6072
105.383671295,28.2525618851,86905,6006
105.383670217,28.2725613047,89103,6203
105.383669139,28.2925602629,91891,6477
105.403699008,27.3125041463,126459,8618
105.403697964,27.3325003766,123759,8405
105.40369692,27.3524968798,121468,8148
105.403695875,27.37249367,122167,8145
105.403694829,27.3924907594,126598,8661
105.403693782,27.4124881589,129010,9199
105.403692735,27.4324858775,129454,8456
105.403691687,27.4524839223,112597,8354
105.403690638,27.4724822989,133994,8739
105.403689588,27.4924810109,105053,7451
105.403688537,27.5124800601,100704,6908
105.403687485,27.5324794467,101515,7238
105.403686433,27.5524791687,103141,7234
105.40368538,27.5724792226,106423,7439
105.403684326,27.592479603,101579,7644
105.403683271,27.6124803025,94331,6948
105.403682216,27.6324813124,96304,7249
105.403681159,27.6524826217,98285,7611
105.403680102,27.6724842183,100516,7861
105.403679044,27.6924860882,99781,7623
105.403677985,27.7124882157,102239,7862
105.403676925,27.7324905838,106995,9496
105.403675865,27.752493174,113714,8531
105.403674804,27.7724959665,9860,735
105.403673742,27.7924989402,4446,351
105.403672679,27.8125020726,3181,571
105.403671615,27.8325053404,15414,1287
105.40367055,27.8525087191,16554,1832
105.403669485,27.8725121832,33058,3700
105.403668419,27.8925157068,23434,2355
105.403667352,27.9125192628,28429,2769
105.403666284,27.9325228237,55937,5825
105.403665215,27.9525263617,53170,5277
105.403664146,27.9725298484,50971,4985
105.403663075,27.9925332552,50737,4994
105.403662004,28.0125365534,58789,5839
105.403660932,28.0325397141,67701,6104
105.403659859,28.0525427089,61573,5433
105.403658786,28.0725455092,71400,6402
105.403657711,28.092548087,90328,7090
105.403656636,28.1125504145,82979,6512
105.40365556,28.1325524647,79575,6061
105.403654483,28.152554211,77458,5995
105.403653405,28.172555628,77923,5902
105.403652326,28.1925566907,80258,6461
105.403651247,28.2125573754,83018,6410
105.403650166,28.2325576595,86323,5931
105.403649085,28.2525575212,83220,5679
105.403648003,28.2725569405,88672,7392
105.40364692,28.2925558984,94936,7154
105.423697357,27.3125174762,128482,8802
105.423696313,27.3325137061,127329,8666
105.423695268,27.3525102089,123504,8270
105.423694222,27.3725069987,124200,8324
105.423693175,27.3925040877,128287,9200
105.423692128,27.4125014868,118883,9498
105.42369108,27.432499205,116398,8954
105.423690031,27.4524972494,114018,8532
105.423688981,27.4724956256,110595,7865
105.42368793,27.4924943372,106982,7591
105.423686879,27.512493386,103161,7377
105.423685827,27.5324927722,104422,8149
105.423684774,27.5524924938,106273,8548
105.42368372,27.5724925473,110661,7889
105.423682665,27.5924929273,102306,8009
105.42368161,27.6124936264,103689,7952
105.423680553,27.6324946359,98547,7790
105.423679496,27.6524959448,100811,8318
105.423678438,27.672497541,101892,7814
105.42367738,27.6924994105,102387,7934
105.42367632,27.7125015376,104852,8049
105.42367526,27.7325039053,106627,8116
105.423674199,27.7525064951,68232,5194
105.423673137,27.7725092872,8486,590
105.423672074,27.7925122605,1,0
105.42367101,27.8125153925,1605,123
105.423669946,27.8325186599,13426,1150
105.42366888,27.8525220382,16515,2304
105.423667814,27.8725255019,17472,1819
105.423666747,27.8925290251,21414,2094
105.42366568,27.9125325807,24342,2466
105.423664611,27.9325361412,26902,2727
105.423663542,27.9525396788,53791,5429
105.423662471,27.9725431651,49024,4840
105.4236614,27.9925465715,48653,4704
105.423660328,28.0125498693,55303,5388
105.423659256,28.0325530297,67139,6212
105.423658182,28.052556024,58968,5147
105.423657108,28.0725588239,59155,5442
105.423656032,28.0925614013,62444,5499
105.423654956,28.1125637284,80867,6115
105.42365388,28.1325657782,79813,5994
105.423652802,28.1525675242,75107,5598
105.423651723,28.1725689407,75642,5683
105.423650644,28.192570003,77372,5945
105.423649564,28.2125706874,80734,6287
105.423648483,28.232570971,84464,6587
105.423647401,28.2525708323,85320,6864
105.423646318,28.2725702512,84781,5726
105.423645234,28.2925692087,90550,7384
105.443715761,27.3125482109,133035,8993
105.44371472,27.3325444404,138062,9285
105.443713678,27.3525409427,125820,8383
105.443712635,27.372537732,126398,8421
105.443711592,27.3925348206,133068,8928
105.443710547,27.4125322193,138157,10067
105.443709502,27.432529937,120662,9087
105.443708456,27.4525279809,116369,8501
105.443707409,27.4725263567,114634,8307
105.443706361,27.4925250678,110209,8300
105.443705313,27.5125241162,107718,8759
105.443704263,27.532523502,120138,10163
105.443703213,27.5525232232,116712,9443
105.443702162,27.5725232762,114577,8886
105.443701111,27.5925236557,105074,8414
105.443700058,27.6125243544,103326,7809
105.443699005,27.6325253634,61206,6540
105.443697951,27.6525266719,63832,6949
105.443696896,27.6725282677,66310,7299
105.44369584,27.6925301366,106855,8148
105.443694783,27.7125322633,105267,8057
105.443693726,27.7325346306,110352,8487
105.443692668,27.75253722,121567,9992
105.443691609,27.7725400116,134908,12776
105.443690549,27.7925429844,3711,198
105.443689488,27.812546116,5600,557
105.443688427,27.8325493829,11310,954
105.443687364,27.8525527607,12536,1188
105.443686301,27.8725562241,15103,1522
105.443685237,27.8925597468,18784,1843
105.443684173,27.9125633019,24805,2377
105.443683107,27.932566862,27858,2762
105.443682041,27.9525703992,31615,3211
105.443680973,27.972573885,34040,3521
105.443679905,27.9925772909,52863,4737
105.443678836,28.0125805882,52357,4943
105.443677767,28.0325837482,58125,5394
105.443676696,28.0525867421,56624,5015
105.443675625,28.0725895416,55537,4947
105.443674553,28.0925921185,57120,5062
105.44367348,28.1125944451,75600,6022
105.443672406,28.1325964944,75677,5640
105.443671331,28.15259824,73459,5432
105.443670256,28.1725996561,96165,6408
105.443669179,28.192600718,81333,6302
105.443668102,28.2126014018,82058,6267
105.443667024,28.232601685,87564,6913
105.443665945,28.2526015459,88655,6992
105.443664865,28.2726009643,93818,8176
105.443663785,28.2925999214,94706,8001
105.463751306,27.312593738,132183,8918
105.463750271,27.332589967,129139,8647
105.463749235,27.3525864688,128071,8533
105.463748198,27.3725832576,128145,8599
105.46374716,27.3925803458,131123,8818
105.463746122,27.4125777439,135184,9521
105.463745082,27.4325754611,138342,9998
105.463744042,27.4525735046,119134,8809
105.463743002,27.4725718798,118668,8742
105.46374196,27.4925705905,114108,8098
105.463740917,27.5125696384,122600,9094
105.463739874,27.5325690236,121776,8873
105.46373883,27.5525687444,122043,10744
105.463737785,27.5725687969,117659,9523
105.46373674,27.5925691759,64192,7239
105.463735693,27.6125698741,60149,6202
105.463734646,27.6325708826,57459,6038
105.463733598,27.6525721906,61542,6786
105.463732549,27.6725737859,63220,6629
105.463731499,27.6925756544,110243,8683
105.463730449,27.7125777805,108730,8354
105.463729397,27.7325801473,110991,8803
105.463728345,27.7525827362,131729,12385
105.463727292,27.7725855274,12606,1107
105.463726239,27.7925884997,6890,408
105.463725184,27.8125916308,9093,864
105.463724129,27.8325948972,7249,578
105.463723073,27.8525982745,11039,998
105.463722016,27.8726017374,21381,2166
105.463720958,27.8926052596,20029,1977
105.463719899,27.9126088142,25168,2724
105.46371884,27.9326123739,29643,3108
105.46371778,27.9526159105,44048,4395
105.463716719,27.9726193958,41830,3785
105.463715657,27.9926228013,43852,4079
105.463714594,28.0126260981,47891,4270
105.46371353,28.0326292576,53028,4718
105.463712466,28.052632251,53307,4853
105.463711401,28.07263505,53230,4954
105.463710335,28.0926376264,56385,5064
105.463709268,28.1126399525,72851,5803
105.463708201,28.1326420013,69815,5531
105.463707132,28.1526437464,75674,5617
105.463706063,28.172645162,76404,6069
105.463704993,28.1926462234,83389,6539
105.463703922,28.2126469068,85624,6746
105.46370285,28.2326471894,91004,7163
105.463701778,28.2526470499,90318,7191
105.463700704,28.2726464678,91846,7791
105.46369963,28.2926454243,111960,8582
105.483798834,27.3126494446,135465,9345
105.483797806,27.3326456731,131441,8840
105.483796779,27.3526421744,129632,8682
105.48379575,27.3726389627,132428,8888
105.48379472,27.3926360503,132297,8911
105.48379369,27.4126334479,139170,9653
105.483792659,27.4326311646,124816,10024
105.483791627,27.4526292076,122310,9401
105.483790594,27.4726275823,120390,9088
105.483789561,27.4926262924,122052,9189
105.483788527,27.5126253398,117634,8400
105.483787492,27.5326247245,120254,8637
105.483786456,27.5526244447,123806,9198
105.483785419,27.5726244968,120647,10407
105.483784382,27.5926248753,63415,7280
105.483783343,27.6126255729,59303,6321
105.483782304,27.6326265809,55627,5817
105.483781265,27.6526278884,57775,6148
105.483780224,27.6726294832,57308,5996
105.483779183,27.6926313511,61035,6558
105.48377814,27.7126334768,112429,8930
105.483777097,27.732635843,112231,8668
105.483776054,27.7526384314,115726,9496
105.483775009,27.772641222,61704,4823
105.483773963,27.7926441938,13220,1339
105.483772917,27.8126473244,9238,769
105.48377187,27.8326505903,10843,911
105.483770822,27.8526539671,12591,1024
105.483769774,27.8726574294,18697,1836
105.483768724,27.8926609511,20168,1779
105.483767674,27.9126645052,23610,2219
105.483766623,27.9326680643,29421,2479
105.483765571,27.9526716004,31905,3138
105.483764519,27.9726750853,33162,2700
105.483763465,27.9926784902,38481,3385
105.483762411,28.0126817865,43111,3810
105.483761356,28.0326849454,45366,3960
105.4837603,28.0526879383,48376,4269
105.483759243,28.0726907368,51129,4544
105.483758186,28.0926933126,54705,4860
105.483757127,28.1126956383,67567,5552
105.483756068,28.1326976866,68206,5377
105.483755008,28.1526994311,78256,5781
105.483753948,28.1727008462,77148,6033
105.483752886,28.192701907,85962,6886
105.483751824,28.2127025899,93005,7685
105.48375076,28.232702872,89682,7107
105.483749696,28.2527027319,91108,7274
105.483748631,28.2727021494,91108,7274
105.483747566,28.2927011054,111835,8598
105.503851638,27.3127093367,143091,10651
105.50385062,27.3327055646,134518,9068
105.503849601,27.3527020655,136610,9332
105.503848582,27.3726988532,135102,9132
105.503847561,27.3926959403,136105,9419
105.50384654,27.4126933374,138882,9933
105.503845518,27.4326910535,155305,11084
105.503844495,27.4526890959,126821,9798
105.503843472,27.4726874701,124254,9961
105.503842448,27.4926861797,127535,9709
105.503841422,27.5126852266,127557,9557
105.503840397,27.5326846108,123198,9046
105.50383937,27.5526843304,124947,9455
105.503838342,27.5726843819,66268,7742
105.503837314,27.5926847599,63824,7223
105.503836285,27.612685457,57563,5997
105.503835255,27.6326864645,58435,6061
105.503834225,27.6526877715,51928,5359
105.503833193,27.6726893657,53460,5767
105.503832161,27.6926912331,53611,5344
105.503831128,27.7126933582,60097,5933
105.503830095,27.7326957239,67135,7110
105.50382906,27.7526983118,69804,7521
105.503828025,27.7727011019,17952,1833
105.503826989,27.7927040731,12624,1183
105.503825952,27.8127072031,11401,972
105.503824914,27.8327104685,13233,1138
105.503823876,27.8527138448,15189,1506
105.503822836,27.8727173066,17718,1586
105.503821796,27.8927208277,20785,1742
105.503820755,27.9127243813,22815,1931
105.503819714,27.9327279399,27384,2297
105.503818671,27.9527314755,29697,2505
105.503817628,27.9727349597,37410,3205
105.503816584,27.9927383641,38390,3308
105.503815539,28.0127416599,40073,3503
105.503814493,28.0327448183,48538,4682
105.503813447,28.0527478106,53207,4929
105.5038124,28.0727506086,53182,5459
105.503811351,28.0927531839,57059,5054
105.503810303,28.112755509,65535,5208
105.503809253,28.1327575568,69275,5685
105.503808202,28.1527593008,72922,5683
105.503807151,28.1727607153,82292,6010
105.503806099,28.1927617756,90182,7057
105.503805046,28.2127624579,92987,8011
105.503803992,28.2327627396,140085,11876
105.503802938,28.2527625989,93451,7741
105.503801883,28.2727620158,127146,9663
105.503800826,28.2927609713,112755,8401
105.523902376,27.3127668514,138595,9513
105.523901367,27.3327630788,136269,9336
105.523900357,27.3527595791,136397,9336
105.523899346,27.3727563663,138634,9486
105.523898334,27.3927534529,141360,9723
105.523897322,27.4127508495,139648,10010
105.523896308,27.4327485651,153656,10864
105.523895294,27.452746607,155187,10953
105.523894279,27.4727449806,158275,11206
105.523893264,27.4927436897,129072,9922
105.523892248,27.5127427361,128744,9887
105.523891231,27.5327421197,126675,9524
105.523890213,27.5527418388,123444,10822
105.523889194,27.5727418898,121114,10471
105.523888175,27.5927422672,64027,8535
105.523887154,27.6127429639,61004,7455
105.523886133,27.6327439708,52489,5352
105.523885112,27.6527452772,49398,4957
105.523884089,27.6727468709,50098,5031
105.523883066,27.6927487378,53248,5305
105.523882042,27.7127508624,55512,5531
105.523881017,27.7327532276,71959,8034
105.523879991,27.7527558149,73728,8185
105.523878965,27.7727586045,21453,2397
105.523877938,27.7927615752,18058,1639
105.52387691,27.8127647047,13419,1056
105.523875881,27.8327679695,15529,1434
105.523874851,27.8527713453,19465,1672
105.523873821,27.8727748065,19442,1865
105.52387279,27.8927783271,22554,2202
105.523871758,27.9127818802,30070,2511
105.523870725,27.9327854382,27593,2340
105.523869692,27.9527889733,30510,2778
105.523868658,27.9727924571,42370,4007
105.523867623,27.9927958609,39922,3415
105.523866587,28.0127991562,55203,6143
105.52386555,28.032802314,53664,5771
105.523864513,28.0528053059,55729,5423
105.523863474,28.0728081032,55118,5595
105.523862435,28.0928106781,62860,5053
105.523861396,28.1128130026,69406,5669
105.523860355,28.1328150499,69130,5554
105.523859314,28.1528167933,74551,5941
105.523858271,28.1728182073,84845,6189
105.523857228,28.1928192671,93811,7286
105.523856185,28.2128199489,94297,7613
105.52385514,28.23282023,135862,10630
105.523854095,28.2528200888,128700,10126
105.523853048,28.2728195052,125554,9399
105.523852001,28.2928184602,118553,8725
105.543944062,27.3128157492,141966,10119
105.54394306,27.332811976,138017,9580
105.543942057,27.3528084758,139333,9602
105.543941053,27.3728052626,140681,9739
105.543940048,27.3928023486,144677,10350
105.543939043,27.4127997447,141532,10388
105.543938037,27.4327974598,151561,10590
105.54393703,27.4527955012,154435,10926
105.543936022,27.4727938744,155918,11458
105.543935014,27.4927925829,157239,11822
105.543934005,27.5127916288,132810,9951
105.543932995,27.5327910119,130716,10107
105.543931984,27.5527907305,134128,10408
105.543930973,27.572790781,119163,10241
105.54392996,27.5927911579,118569,10101
105.543928947,27.6127918541,58799,7094
105.543927934,27.6327928605,53920,5630
105.543926919,27.6527941664,49830,5192
105.543925904,27.6727957596,47999,4873
105.543924888,27.692797626,44776,4823
105.543923871,27.7127997501,60029,6935
105.543922853,27.7328021148,26364,2671
105.543921835,27.7528047016,27504,2896
105.543920816,27.7728074907,25651,2997
105.543919796,27.7928104609,19006,1872
105.543918775,27.8128135899,18171,1554
105.543917753,27.8328168542,23391,2256
105.543916731,27.8528202295,16861,1447
105.543915708,27.8728236902,19148,1683
105.543914684,27.8928272103,25530,2762
105.54391366,27.9128307629,30049,2593
105.543912634,27.9328343204,31086,2701
105.543911608,27.952837855,34058,2965
105.543910581,27.9728413382,77943,5713
105.543909553,27.9928447416,76178,5604
105.543908525,28.0128480363,44989,3899
105.543907496,28.0328511937,49358,4491
105.543906465,28.052854185,49658,4508
105.543905435,28.0728569819,54454,4682
105.543904403,28.0928595562,62690,4890
105.543903371,28.1128618803,80444,6738
105.543902337,28.132863927,74188,5907
105.543901303,28.15286567,83750,6846
105.543900268,28.1728670835,86939,6893
105.543899233,28.1928681428,89138,7379
105.543898197,28.2128688241,89148,7383
105.543897159,28.2328691046,133679,10409
105.543896121,28.252868963,129539,9914
105.543895083,28.2728683788,121707,8912
105.543894043,28.2928673333,118403,9070
105.56397102,27.3128509604,145540,10836
105.563970022,27.3328471868,143974,10753
105.563969023,27.3528436861,142242,9788
105.563968024,27.3728404724,141289,9727
105.563967024,27.3928375579,143338,9889
105.563966023,27.4128349536,147502,10173
105.563965021,27.4328326682,148656,10345
105.563964019,27.4528307092,155273,11086
105.563963015,27.4728290819,154481,11169
105.563962011,27.49282779,157625,11872
105.563961007,27.5128268354,134985,10471
105.563960001,27.532826218,133923,10352
105.563958995,27.5528259362,133812,10309
105.563957988,27.5728259862,115952,9770
105.56395698,27.5928263627,116967,10115
105.563955972,27.6128270583,59164,7262
105.563954963,27.6328280643,55366,6281
105.563953953,27.6528293698,49037,4971
105.563952942,27.6728309625,46248,4732
105.56395193,27.6928328284,42271,4280
105.563950918,27.712834952,34602,3803
105.563949905,27.7328373162,28986,3032
105.563948891,27.7528399026,30648,3572
105.563947876,27.7728426912,43334,5029
105.563946861,27.792845661,48527,5919
105.563945845,27.8128487895,50616,4286
105.563944828,27.8328520534,23221,2033
105.56394381,27.8528554282,19979,1979
105.563942791,27.8728588885,22551,1968
105.563941772,27.8928624081,22453,1967
105.563940752,27.9128659602,27729,2400
105.563939731,27.9328695173,30506,2841
105.56393871,27.9528730514,34143,2966
105.563937687,27.9728765342,37410,3364
105.563936664,27.992879937,41988,3653
105.56393564,28.0128832313,72602,5473
105.563934616,28.0328863882,51298,4160
105.56393359,28.0528893791,53481,4239
105.563932564,28.0728921755,66783,5368
105.563931537,28.0928947493,70593,6037
105.563930509,28.112897073,79634,6716
105.56392948,28.1328991192,77052,6308
105.563928451,28.1529008617,81204,6622
105.563927421,28.1729022748,85915,6912
105.56392639,28.1929033336,88347,7312
105.563925358,28.2129040144,99877,7795
105.563924326,28.2329042945,102020,7899
105.563923292,28.2529041524,125174,9424
105.563922258,28.2729035678,122944,9140
105.563921224,28.2929025218,121068,9349
105.583979644,27.3128692686,182597,12052
105.583978647,27.3328654946,183688,12058
105.58397765,27.3528619935,144358,10138
105.583976652,27.3728587793,146314,10613
105.583975653,27.3928558645,149716,10706
105.583974653,27.4128532597,146930,10179
105.583973652,27.4328509739,148290,10331
105.583972651,27.4528490145,150786,10533
105.583971649,27.4728473868,155436,11057
105.583970646,27.4928460945,156589,11307
105.583969643,27.5128451394,122031,10308
105.583968638,27.5328445217,122520,10344
105.583967633,27.5528442394,122109,10323
105.583966627,27.572844289,115364,9686
105.583965621,27.5928446651,112212,9468
105.583964614,27.6128453603,56569,6675
105.583963605,27.6328463659,53636,5826
105.583962597,27.6528476709,50159,5229
105.583961587,27.6728492632,48369,5059
105.583960576,27.6928511288,45484,4573
105.583959565,27.712853252,39440,4247
105.583958553,27.7328556158,31583,3352
105.583957541,27.7528582017,51069,4635
105.583956527,27.7728609899,45589,5212
105.583955513,27.7928639593,35288,3313
105.583954498,27.8128670874,29186,2733
105.583953482,27.8328703509,26391,2323
105.583952466,27.8528737252,30696,2684
105.583951448,27.8728771851,30905,2849
105.58395043,27.8928807043,25874,2217
105.583949411,27.912884256,25981,2222
105.583948392,27.9328878127,31119,2911
105.583947371,27.9528913463,34698,3304
105.58394635,27.9728948287,38711,3384
105.583945328,27.9928982312,42592,3992
105.583944306,28.012901525,82375,7617
105.583943282,28.0329046815,52656,5091
105.583942258,28.052907672,71887,6114
105.583941233,28.072910468,69412,5589
105.583940207,28.0929130414,72724,6159
105.58393918,28.1129153646,83514,7552
105.583938153,28.1329174105,81205,6702
105.583937125,28.1529191525,85544,6914
105.583936096,28.1729205652,87972,6966
105.583935066,28.1929216236,89894,7480
105.583934036,28.212922304,98310,7861
105.583933004,28.2329225837,98335,7669
105.583931972,28.2529224412,125507,9511
105.583930939,28.2729218561,134663,10706
105.583929906,28.2929208097,123560,9915
105.603968878,27.3128697344,179602,11448
105.603967879,27.3328659601,180339,11490
105.603966879,27.3528624586,149060,11163
105.603965879,27.3728592441,150428,11303
105.603964877,27.3928563289,150994,10951
105.603963875,27.4128537238,154084,11502
105.603962872,27.4328514376,149660,10461
105.603961869,27.4528494778,151332,10597
105.603960864,27.4728478497,153299,10707
105.603959859,27.4928465571,134319,12060
105.603958853,27.5128456017,121748,10284
105.603957846,27.5328449836,120794,10244
105.603956839,27.552844701,116529,9895
105.603955831,27.5728447502,113536,9611
105.603954822,27.5928451259,110379,9362
105.603953812,27.6128458208,109286,9212
105.603952802,27.6328468259,55643,6432
105.60395179,27.6528481307,53353,5825
105.603950778,27.6728497226,51265,5924
105.603949766,27.6928515877,47687,4977
105.603948752,27.7128537106,33418,3509
105.603947738,27.732856074,48016,4466
105.603946723,27.7528586596,48239,4361
105.603945707,27.7728614475,38678,3599
105.60394469,27.7928644164,33333,3110
105.603943673,27.8128675442,33574,3144
105.603942655,27.8328708073,29267,2805
105.603941636,27.8528741813,30368,2665
105.603940616,27.8728776408,30483,2655
105.603939596,27.8928811597,30121,2613
105.603938574,27.912884711,42379,3186
105.603937552,27.9328882673,34504,3250
105.60393653,27.9528918006,37188,3480
105.603935506,27.9728952826,40899,4332
105.603934482,27.9928986847,43620,4271
105.603933456,28.0129019782,51174,5610
105.603932431,28.0329051344,75873,6575
105.603931404,28.0529081245,72079,6386
105.603930376,28.0729109201,74011,6200
105.603929348,28.0929134932,79595,6646
105.603928319,28.112915816,81261,6804
105.603927289,28.1329178615,84102,6980
105.603926259,28.1529196032,87111,7230
105.603925227,28.1729210155,90284,7146
105.603924195,28.1929220735,92758,7306
105.603923162,28.2129227536,97497,7853
105.603922128,28.2329230329,96934,7641
105.603921094,28.25292289,132648,10449
105.603920059,28.2729223046,134570,10680
105.603919023,28.2929212578,130153,10045
105.623940329,27.3128538013,177270,11216
105.623939325,27.3328500266,180295,11478
105.623938319,27.3528465249,184086,11752
105.623937313,27.37284331,188918,12229
105.623936306,27.3928403945,188400,12016
105.623935299,27.4128377891,153180,11402
105.62393429,27.4328355026,134126,11925
105.623933281,27.4528335425,131343,11398
105.623932271,27.4728319141,130742,11420
105.62393126,27.4928306211,132092,11589
105.623930249,27.5128296654,138143,12446
105.623929237,27.532829047,121127,10228
105.623928224,27.552828764,119503,10106
105.62392721,27.572828813,112086,9570
105.623926195,27.5928291883,113909,9924
105.62392518,27.6128298829,106419,9095
105.623924164,27.6328308878,112093,9434
105.623923147,27.6528321922,59232,7195
105.62392213,27.6728337838,53390,6551
105.623921111,27.6928356486,56371,5900
105.623920092,27.7128377711,52893,5182
105.623919072,27.7328401343,49037,4626
105.623918051,27.7528427195,44904,4325
105.62391703,27.7728455071,41058,3872
105.623916008,27.7928484757,37354,3443
105.623914984,27.8128516032,36083,3361
105.623913961,27.832854866,33318,2929
105.623912936,27.8528582397,32965,2908
105.623911911,27.8728616989,34102,3491
105.623910885,27.8928652174,31765,2721
105.623909858,27.9128687684,35778,3332
105.62390883,27.9328723244,35330,3452
105.623907801,27.9528758574,43096,4439
105.623906772,27.9728793391,46174,5339
105.623905742,27.9928827409,46427,5114
105.623904711,28.0128860341,50992,5496
105.62390368,28.0328891899,77270,6748
105.623902647,28.0528921797,77775,6771
105.623901614,28.072894975,85617,7880
105.62390058,28.0928975477,79946,6669
105.623899545,28.1128998703,82185,6863
105.62389851,28.1329019154,84915,7158
105.623897473,28.1529036568,87416,7212
105.623896436,28.1729050688,92663,7585
105.623895398,28.1929061265,93054,7716
105.623894359,28.2129068063,103011,9372
105.62389332,28.2329070853,104400,8765
105.62389228,28.2529069421,107549,9041
105.623891239,28.2729063564,131728,10196
105.623890197,28.2929053093,130769,10368
105.643898017,27.3128250681,178374,11277
105.643897005,27.3328212932,181903,11547
105.643895991,27.3528177912,183798,11743
105.643894977,27.372814576,185531,11863
105.643893962,27.3928116603,187593,12117
105.643892947,27.4128090545,140535,12313
105.64389193,27.4328067678,133569,11811
105.643890913,27.4528048074,130427,11319
105.643889895,27.4728031787,127882,11079
105.643888876,27.4928018854,131881,11558
105.643887857,27.5128009294,134558,11787
105.643886836,27.5328003108,130636,11775
105.643885815,27.5528000275,132149,11831
105.643884793,27.5728000762,109521,9426
105.643883771,27.5928004513,105647,9148
105.643882747,27.6128011456,104217,8971
105.643881723,27.6328021501,104972,8983
105.643880698,27.6528034543,105184,9693
105.643879672,27.6728050456,58655,6477
105.643878646,27.6928069102,55895,5559
105.643877618,27.7128090324,54974,5502
105.64387659,27.7328113953,51303,5023
105.643875561,27.7528139803,45476,4776
105.643874532,27.7728167675,43070,3981
105.643873501,27.7928197359,44706,4132
105.64387247,27.8128228631,38779,3738
105.643871438,27.8328261256,36468,3198
105.643870405,27.852829499,35676,3138
105.643869372,27.8728329579,38049,3799
105.643868337,27.8928364762,35692,3332
105.643867302,27.9128400269,39193,3608
105.643866266,27.9328435826,39436,3692
105.643865229,27.9528471153,42252,4360
105.643864192,27.9728505968,50962,5184
105.643863154,27.9928539983,49755,5000
105.643862115,28.0128572912,86416,7462
105.643861075,28.0328604467,80581,6997
105.643860034,28.0528634362,100681,7711
105.643858992,28.0728662313,101174,7631
105.64385795,28.0928688037,85555,7515
105.643856907,28.112871126,85892,7119
105.643855863,28.1328731709,86790,7182
105.643854818,28.152874912,89125,7449
105.643853773,28.1728763237,95853,8326
105.643852727,28.1928773812,96592,8545
105.64385168,28.2128780606,103011,9372
105.643850632,28.2328783394,104247,8754
105.643849583,28.2528781959,105488,8858
105.643848534,28.2728776099,134043,10693
105.643847483,28.2928765625,130103,10051
105.663847782,27.3127887621,182621,11812
105.66384676,27.3327849869,182115,11861
105.663845737,27.3527814846,189990,12145
105.663844713,27.3727782693,188211,12056
105.663843689,27.3927753532,136135,11679
105.663842664,27.4127727472,136241,11671
105.663841638,27.4327704602,131434,11306
105.663840611,27.4527684995,129963,11481
105.663839584,27.4727668706,125692,10890
105.663838555,27.4927655771,126661,10982
105.663837526,27.5127646209,123115,10871
105.663836497,27.5327640019,117083,10773
105.663835466,27.5527637184,113549,9918
105.663834435,27.5727637668,112019,9793
105.663833402,27.5927641417,105634,9215
105.663832369,27.6127648357,104593,9068
105.663831336,27.63276584,99971,8634
105.663830301,27.6527671439,99868,8830
105.663829266,27.672768735,104518,9894
105.66382823,27.6927705993,57008,5861
105.663827193,27.7127727213,59813,6021
105.663826155,27.7327750839,55046,5133
105.663825116,27.7527776686,51512,4762
105.663824077,27.7727804556,48996,4518
105.663823037,27.7927834237,46643,4334
105.663821996,27.8127865506,40245,3588
105.663820955,27.8327898129,39079,3796
105.663819912,27.852793186,38557,3391
105.663818869,27.8727966447,41380,3823
105.663817825,27.8928001627,44599,4485
105.66381678,27.9128037132,40589,3690
105.663815734,27.9328072687,41493,3762
105.663814688,27.9528108011,44287,4308
105.663813641,27.9728142823,53158,5445
105.663812592,27.9928176836,51867,5321
105.663811544,28.0128209762,85818,7495
105.663810494,28.0328241315,82307,7238
105.663809444,28.0528271207,82733,7250
105.663808392,28.0728299155,111050,8562
105.66380734,28.0928324877,109401,8382
105.663806287,28.1128348097,88528,7675
105.663805234,28.1328368544,91640,7593
105.663804179,28.1528385952,91051,7449
105.663803124,28.1728400067,93251,7851
105.663802068,28.1928410639,96300,8075
105.663801011,28.2128417431,99135,8368
105.663799953,28.2328420216,101447,8384
105.663798895,28.2528418778,102625,8535
105.663797835,28.2728412916,105391,8843
105.663796775,28.2928402439,146091,11853
105.68379644,27.3127509851,185768,12692
105.683795408,27.3327472096,183919,12018
105.683794376,27.3527437071,140275,12814
105.683793342,27.3727404915,192509,12358
105.683792308,27.3927375752,136950,11785
105.683791274,27.4127349689,133898,11522
105.683790238,27.4327326817,129151,11265
105.683789202,27.4527307207,128230,11162
105.683788164,27.4727290916,123448,10724
105.683787127,27.4927277978,120413,10486
105.683786088,27.5127268413,118369,10318
105.683785048,27.5327262221,117512,10253
105.683784008,27.5527259384,112444,9951
105.683782967,27.5727259865,109932,9643
105.683781925,27.5927263611,106741,9489
105.683780882,27.6127270549,106538,9165
105.683779839,27.6327280589,107906,9328
105.683778794,27.6527293626,96483,8254
105.683777749,27.6727309534,103961,9839
105.683776703,27.6927328174,61372,6079
105.683775657,27.7127349392,58637,5538
105.683774609,27.7327373015,56555,5186
105.683773561,27.752739886,60397,5693
105.683772512,27.7727426728,50746,5034
105.683771462,27.7927456406,48958,4582
105.683770411,27.8127487673,42398,4109
105.683769359,27.8327520293,55934,5505
105.683768307,27.8527554022,43968,4262
105.683767254,27.8727588606,47287,4398
105.6837662,27.8927623784,44412,4087
105.683765145,27.9127659286,42957,3863
105.68376409,27.9327694838,44094,3966
105.683763033,27.952773016,46360,4600
105.683761976,27.9727764969,55503,6106
105.683760918,27.992779898,53302,5578
105.683759859,28.0127831903,88712,8135
105.6837588,28.0327863454,84002,7318
105.683757739,28.0527893344,93162,6667
105.683756678,28.0727921289,97274,7391
105.683755616,28.0927947009,105964,7920
105.683754553,28.1127970226,109489,8287
105.683753489,28.132799067,92905,7515
105.683752425,28.1528008076,95303,8065
105.68375136,28.1728022188,116360,9107
105.683750293,28.1928032758,96653,8010
105.683749226,28.2128039547,98236,8132
105.683748159,28.2328042329,100446,8238
105.68374709,28.2528040889,100536,8245
105.683746021,28.2728035025,105391,8792
105.68374495,28.2928024546,146098,11803
105.703750808,27.3127178402,149979,14096
105.703749768,27.3327140645,149609,14208
105.703748727,27.3527105617,142963,13124
105.703747685,27.3727073458,138241,12762
105.703746642,27.3927044293,133654,11502
105.703745599,27.4127018227,131284,11337
105.703744555,27.4326995352,128629,11107
105.70374351,27.452697574,127044,11046
105.703742464,27.4726959446,125910,10876
105.703741417,27.4926946505,123409,10778
105.70374037,27.5126936938,120254,10887
105.703739322,27.5326930743,120144,10803
105.703738273,27.5526927903,113354,9807
105.703737223,27.5726928382,110699,9634
105.703736172,27.5926932125,110950,9509
105.703735121,27.6126939061,110259,9270
105.703734069,27.6326949098,109650,9423
105.703733015,27.6526962132,103789,9163
105.703731962,27.6726978038,92067,7779
105.703730907,27.6926996675,66951,7509
105.703729851,27.712701789,63373,6817
105.703728795,27.7327041511,65615,6191
105.703727738,27.7527067353,63095,6052
105.70372668,27.7727095218,91390,8964
105.703725621,27.7927124894,50228,4842
105.703724562,27.8127156158,48651,4639
105.703723502,27.8327188776,60915,5996
105.70372244,27.8527222502,58462,5506
105.703721379,27.8727257083,48876,4821
105.703720316,27.8927292258,47153,4771
105.703719252,27.9127327758,45794,4317
105.703718188,27.9327363307,48266,4345
105.703717122,27.9527398627,48711,4936
105.703716056,27.9727433433,56377,6233
105.70371499,27.9927467441,89034,7997
105.703713922,28.0127500362,89214,8054
105.703712853,28.032753191,93708,6912
105.703711784,28.0527561797,90565,6482
105.703710714,28.072758974,96042,7041
105.703709643,28.0927615457,99797,7353
105.703708571,28.1127638672,104616,7699
105.703707498,28.1327659113,109268,8468
105.703706425,28.1527676516,109905,8267
105.703705351,28.1727690626,113329,8528
105.703704276,28.1927701193,118200,9326
105.7037032,28.2127707979,98218,8183
105.703702123,28.2327710759,100446,8290
105.703701045,28.2527709316,131358,10059
105.703699967,28.2727703449,132652,10265
105.703698888,28.2927692967,132652,10300
105.723716729,27.3126945618,148565,13985
105.723715682,27.3326907858,145024,13382
105.723714635,27.3526872827,142211,12995
105.723713586,27.3726840665,140734,12884
105.723712537,27.3926811497,134931,11603
105.723711487,27.4126785428,138674,12089
105.723710437,27.4326762551,139990,12164
105.723709385,27.4526742936,142531,12555
105.723708333,27.4726726638,128088,10990
105.723707279,27.4926713695,125658,11087
105.723706225,27.5126704124,124461,11446
105.723705171,27.5326697927,120670,10960
105.723704115,27.5526695084,116215,10140
105.723703059,27.572669556,112506,9717
105.723702001,27.59266993,115367,10030
105.723700943,27.6126706232,104454,8995
105.723699885,27.6326716267,102390,8903
105.723698825,27.6526729298,99123,8690
105.723697764,27.6726745201,96773,8641
105.723696703,27.6926763836,87479,7685
105.723695641,27.7126785047,63880,6749
105.723694578,27.7326808665,87275,7634
105.723693514,27.7526834504,65838,6863
105.72369245,27.7726862366,89418,8113
105.723691384,27.7926892039,70963,6817
105.723690318,27.8126923301,66273,6559
105.723689251,27.8326955915,60140,5799
105.723688183,27.8526989638,54467,4772
105.723687115,27.8727024217,51997,4587
105.723686045,27.8927059389,48987,4351
105.723684975,27.9127094886,52062,4869
105.723683904,27.9327130432,51756,4726
105.723682832,27.9527165749,53191,4892
105.723681759,27.9727200552,55422,5919
105.723680685,27.9927234557,73487,7359
105.723679611,28.0127267475,97812,7166
105.723678536,28.032729902,95535,6945
105.72367746,28.0527328904,87424,5997
105.723676383,28.0727356844,94140,6807
105.723675305,28.0927382558,97107,7191
105.723674226,28.112740577,104360,7778
105.723673147,28.1327426208,106778,7970
105.723672067,28.1527443609,109302,8173
105.723670986,28.1727457715,117035,8916
105.723669904,28.1927468279,118719,9432
105.723668821,28.2127475063,117536,8748
105.723667737,28.232747784,127465,9639
105.723666653,28.2527476394,131346,10058
105.723665568,28.2727470524,132652,10300
105.723664482,28.292746004,132652,10300
105.743698237,27.3126847704,190163,12420
105.743697186,27.332680994,195294,13099
105.743696135,27.3526774906,145723,13318
105.743695083,27.372674274,145630,13401
105.74369403,27.3926713569,138764,11803
105.743692977,27.4126687497,141868,11964
105.743691922,27.4326664616,140494,12328
105.743690867,27.4526644997,134304,12351
105.743689811,27.4726628697,131904,11899
105.743688754,27.492661575,129013,11434
105.743687696,27.5126606176,126851,11992
105.743686637,27.5326599975,121182,10933
105.743685578,27.5526597129,116136,10221
105.743684518,27.5726597602,116279,10114
105.743683457,27.5926601339,116249,10299
105.743682395,27.6126608268,117560,10621
105.743681332,27.6326618299,107813,9208
105.743680269,27.6526631326,98428,8812
105.743679205,27.6726647226,94700,8347
105.74367814,27.6926665858,94012,8125
105.743677074,27.7126687066,81947,7007
105.743676007,27.7326710681,89079,7713
105.743674939,27.7526736516,85115,7321
105.743673871,27.7726764375,68113,6453
105.743672802,27.7926794045,65369,5876
105.743671732,27.8126825303,63369,5819
105.743670661,27.8326857914,57482,5102
105.743669589,27.8526891634,60785,5482
105.743668517,27.8726926209,57111,5008
105.743667444,27.8926961378,62579,5694
105.743666369,27.9126996871,65528,6263
105.743665294,27.9327032414,57384,5495
105.743664219,27.9527067727,53716,5023
105.743663142,27.9727102528,57434,5352
105.743662065,27.9927136529,69757,6749
105.743660986,28.0127169444,71142,6759
105.743659907,28.0327200985,83790,6280
105.743658827,28.0527230866,85296,5934
105.743657747,28.0727258803,87739,6275
105.743656665,28.0927284514,91951,7641
105.743655582,28.1127307722,102493,7585
105.743654499,28.1327328157,107617,8039
105.743653415,28.1527345555,109753,8453
105.74365233,28.1727359657,113668,8531
105.743651244,28.1927370218,120178,9009
105.743650158,28.2127376999,123037,9293
105.74364907,28.2327379772,127450,9637
105.743647982,28.2527378323,129949,9945
105.743646893,28.2727372449,132141,10189
105.743645803,28.2927361962,136722,10889
105.763696981,27.312689958,208807,13462
105.76369593,27.3326861812,208128,13449
105.763694878,27.3526826774,208729,13754
105.763693825,27.3726794605,150007,15951
105.763692772,27.392676543,141242,12395
105.763691718,27.4126739354,142818,12277
105.763690662,27.4326716469,144194,12833
105.763689607,27.4526696847,134409,12313
105.76368855,27.4726680543,134926,12035
105.763687492,27.4926667593,131036,12001
105.763686434,27.5126658015,128915,11546
105.763685375,27.532665181,134611,12137
105.763684315,27.552664896,118556,10464
105.763683254,27.5726649429,119114,10420
105.763682192,27.5926653162,119753,10425
105.76368113,27.6126660087,124569,11574
105.763680066,27.6326670115,106182,9616
105.763679002,27.6526683139,104059,9250
105.763677937,27.6726699034,98023,8652
105.763676872,27.6926717662,88851,7937
105.763675805,27.7126738867,93839,9088
105.763674738,27.7326762478,81221,6984
105.76367367,27.752678831,82889,7133
105.763672601,27.7726816165,70056,6932
105.763671531,27.7926845831,63473,5503
105.76367046,27.8126877085,67250,6093
105.763669389,27.8326909692,63254,6015
105.763668316,27.8526943409,64723,5654
105.763667243,27.872697798,59821,5398
105.763666169,27.8927013145,63516,5753
105.763665095,27.9127048635,66408,5928
105.763664019,27.9327084174,69265,6111
105.763662943,27.9527119483,73986,6803
105.763661865,27.972715428,59329,5521
105.763660787,27.9927188277,66772,6186
105.763659708,28.0127221189,86457,6909
105.763658629,28.0327252726,78736,5465
105.763657548,28.0527282604,82641,5829
105.763656467,28.0727310536,85255,5989
105.763655384,28.0927336243,92378,6671
105.763654301,28.1127359448,100656,7401
105.763653217,28.1327379879,98100,7082
105.763652133,28.1527397273,112713,8460
105.763651047,28.1727411372,117658,8955
105.76364996,28.1927421929,120495,9330
105.763648873,28.2127428706,122741,9259
105.763647785,28.2327431475,127120,9596
105.763646696,28.2527430023,130053,9934
105.763645606,28.2727424145,132811,10110
105.763644516,28.2927413654,137025,10926
105.78371199,27.3127092766,200326,12616
105.783710941,27.3327054994,204193,13139
105.783709892,27.3527019952,206908,13296
105.783708841,27.3726987779,210212,13528
105.78370779,27.3926958599,154558,14842
105.783706738,27.412693252,149666,13730
105.783705685,27.4326909631,145968,13003
105.783704632,27.4526890004,137131,12514
105.783703577,27.4726873696,133783,11941
105.783702522,27.4926860741,129578,11589
105.783701466,27.5126851159,126427,11284
105.783700409,27.5326844951,123134,11044
105.783699351,27.5526842097,122234,10893
105.783698293,27.5726842561,129671,11594
105.783697233,27.592684629,127781,12437
105.783696173,27.6126853211,127050,12153
105.783695112,27.6326863235,105881,9397
105.783694051,27.6526876254,103274,9486
105.783692988,27.6726892146,99814,8852
105.783691925,27.6926910769,89165,8240
105.78369086,27.712693197,84188,7369
105.783689795,27.7326955577,77589,6885
105.78368873,27.7526981405,73925,7193
105.783687663,27.7727009255,69273,6226
105.783686596,27.7927038917,66861,5775
105.783685527,27.8127070167,64784,6111
105.783684458,27.832710277,63540,5651
105.783683388,27.8527136482,66406,6304
105.783682317,27.8727171049,61853,5958
105.783681246,27.892720621,63318,5805
105.783680173,27.9127241696,66608,6340
105.7836791,27.9327277231,77935,7004
105.783678026,27.9527312536,74730,6593
105.783676951,27.9727347329,61142,5863
105.783675876,27.9927381322,62740,5790
105.783674799,28.0127414229,91671,6881
105.783673722,28.0327445762,88600,6361
105.783672643,28.0527475635,84575,5979
105.783671564,28.0727503564,92869,6556
105.783670485,28.0927529267,95742,6717
105.783669404,28.1127552468,96921,6908
105.783668322,28.1327572895,102277,7565
105.78366724,28.1527590284,109698,8810
105.783666157,28.1727604379,111814,9023
105.783665073,28.1927614932,121612,9442
105.783663988,28.2127621704,132887,10590
105.783662902,28.232762447,131432,10134
105.783661816,28.2527623013,131483,10109
105.783660728,28.2727617131,133096,10149
105.78365964,28.2927606636,135860,10705
105.803739806,27.3127396583,201295,12699
105.803738761,27.3327358807,204919,13171
105.803737716,27.352732376,204826,13153
105.803736671,27.3727291582,212211,13705
105.803735624,27.3927262398,211409,14016
105.803734577,27.4127236314,216123,14205
105.803733528,27.432721342,148685,13607
105.803732479,27.452719379,145466,13397
105.80373143,27.4727177477,139172,12831
105.803730379,27.4927164518,132198,11816
105.803729327,27.5127154931,150645,15150
105.803728275,27.5327148718,151857,15532
105.803727222,27.5527145859,127654,11208
105.803726168,27.572714632,131471,11922
105.803725114,27.5927150044,133018,12478
105.803724058,27.6127156961,112103,10038
105.803723002,27.632716698,106908,9486
105.803721945,27.6527179995,102781,9311
105.803720887,27.6727195882,91202,8497
105.803719828,27.6927214501,89886,8306
105.803718769,27.7127235697,81622,6968
105.803717708,27.7327259299,74278,6458
105.803716647,27.7527285123,72712,6340
105.803715585,27.7727312969,74858,6888
105.803714523,27.7927342626,74816,6841
105.803713459,27.8127373871,71571,6654
105.803712395,27.832740647,66029,5874
105.803711329,27.8527440178,69217,6201
105.803710263,27.8727474741,75113,6791
105.803709196,27.8927509897,74796,7014
105.803708129,27.9127545378,112781,9496
105.80370706,27.9327580908,69343,7470
105.803705991,27.9527616209,68129,6997
105.803704921,27.9727650997,64016,6271
105.80370385,27.9927684986,94910,7118
105.803702778,28.0127717889,94230,7313
105.803701705,28.0327749417,90240,6590
105.803700632,28.0527779286,88311,6366
105.803699558,28.072780721,90484,6444
105.803698483,28.0927832909,93460,6651
105.803697407,28.1127856105,100513,7095
105.80369633,28.1327876527,103428,7577
105.803695252,28.1527893912,105870,8126
105.803694174,28.1727908003,110011,8887
105.803693095,28.1927918551,111153,8984
105.803692015,28.2127925319,132887,10591
105.803690934,28.232792808,134326,10542
105.803689852,28.2527926619,132958,10304
105.80368877,28.2727920733,143298,11788
105.803687686,28.2927910232,145633,12005
105.823774971,27.3127762512,198377,12473
105.823773933,27.3327724731,200997,12802
105.823772894,27.352768968,203752,12972
105.823771854,27.3727657497,207665,13495
105.823770813,27.3927628308,210580,13684
105.823769772,27.412760222,217681,14296
105.823768729,27.4327579322,212751,14027
105.823767686,27.4527559686,143682,13318
105.823766643,27.4727543368,142301,13174
105.823765598,27.4927530405,136069,12457
105.823764552,27.5127520814,147109,14272
105.823763506,27.5327514596,136160,12359
105.823762459,27.5527511733,130288,11400
105.823761411,27.5727512188,132591,11886
105.823760362,27.5927515908,112927,10149
105.823759313,27.612752282,111033,9726
105.823758263,27.6327532834,109018,9561
105.823757212,27.6527545844,108206,9559
105.82375616,27.6727561727,95606,9099
105.823755107,27.6927580341,92385,8448
105.823754054,27.7127601533,80762,7279
105.823752999,27.732762513,85010,7769
105.823751944,27.7527650949,79537,7080
105.823750888,27.772767879,77570,6753
105.823749832,27.7927708443,79796,7043
105.823748774,27.8127739684,85926,8091
105.823747716,27.8327772278,68881,6202
105.823746657,27.8527805981,69657,6217
105.823745597,27.8727840539,72527,6488
105.823744536,27.8927875691,77309,7047
105.823743474,27.9127911167,112781,9446
105.823742412,27.9327946693,112023,9168
105.823741349,27.9527981989,103343,8520
105.823740285,27.9728016772,99454,7668
105.82373922,27.9928050756,95313,7280
105.823738154,28.0128083654,92274,6810
105.823737088,28.0328115179,100161,6427
105.82373602,28.0528145043,89674,6408
105.823734952,28.0728172962,92581,6894
105.823733883,28.0928198656,94266,7318
105.823732814,28.1128221847,101868,7246
105.823731743,28.1328242265,104174,7681
105.823730672,28.1528259645,106621,8271
105.823729599,28.1728273731,109476,8682
105.823728526,28.1928284275,110224,8855
105.823727452,28.2128291038,144087,12228
105.823726378,28.2328293794,142320,11776
105.823725302,28.2528292328,140220,11365
105.823724226,28.2728286437,142678,11742
105.823723149,28.2928275933,168122,15286
105.843810805,27.3128131097,196954,12386
105.843809772,27.3328093312,201090,13059
105.843808739,27.3528058256,206477,13484
105.843807705,27.3728026069,206087,13398
105.843806671,27.3927996875,206316,13446
105.843805635,27.4127970782,208914,13755
105.843804599,27.4327947879,211057,13911
105.843803562,27.4527928239,213849,14116
105.843802524,27.4727911916,140690,13121
105.843801486,27.4927898948,141013,13257
105.843800446,27.5127889353,144242,13613
105.843799406,27.532788313,134787,12171
105.843798365,27.5527880262,134114,11867
105.843797323,27.5727880713,148288,13759
105.843796281,27.5927884428,118124,11342
105.843795237,27.6127891335,125354,11737
105.843794193,27.6327901345,113822,9983
105.843793148,27.652791435,113882,10021
105.843792103,27.6727930228,111674,9873
105.843791056,27.6927948838,95216,8608
105.843790009,27.7127970025,83499,7543
105.843788961,27.7327993618,87870,8268
105.843787912,27.7528019432,86561,8811
105.843786862,27.7728047269,83523,8237
105.843785811,27.7928076917,86044,8126
105.84378476,27.8128108153,84471,7523
105.843783708,27.8328140742,73388,7127
105.843782655,27.852817444,80739,7461
105.843781601,27.8728208994,74052,6633
105.843780547,27.8928244141,77091,6950
105.843779491,27.9128279612,80150,7212
105.843778435,27.9328315134,84595,7590
105.843777378,27.9528350425,106984,8340
105.84377632,27.9728385204,103216,7953
105.843775262,27.9928419183,99577,7757
105.843774202,28.0128452076,97785,7312
105.843773142,28.0328483596,86975,5774
105.843772081,28.0528513455,94078,7132
105.843771019,28.072854137,98994,6622
105.843769956,28.0928567059,97636,6588
105.843768893,28.1128590246,98768,6994
105.843767829,28.1328610659,104915,7879
105.843766764,28.1528628034,108722,8625
105.843765698,28.1728642115,110224,8888
105.843764631,28.1928652654,110224,8888
105.843763563,28.2128659413,144653,12297
105.843762495,28.2328662165,147053,12826
105.843761426,28.2528660694,148615,13446
105.843760356,28.2728654798,145186,12358
105.843759285,28.2928644289,169157,15499
105.863840346,27.3128440417,196084,12177
105.863839319,27.3328402628,198217,12606
105.863838291,27.3528367567,200551,12846
105.863837262,27.3728335376,203352,13208
105.863836232,27.3928306178,205630,13541
105.863835202,27.412828008,209476,14036
105.86383417,27.4328257172,211673,13969
105.863833138,27.4528237528,144855,13661
105.863832105,27.4728221201,142350,13297
105.863831072,27.4928208228,142235,13327
105.863830037,27.5128198628,144572,13687
105.863829002,27.5328192401,137515,12669
105.863827966,27.5528189528,140034,13043
105.863826929,27.5728189975,147894,13730
105.863825892,27.5928193685,148296,13789
105.863824853,27.6128200588,132581,13617
105.863823814,27.6328210593,120727,10988
105.863822774,27.6528223594,117741,10616
105.863821733,27.6728239468,115397,10351
105.863820692,27.6928258073,97447,8982
105.863819649,27.7128279255,97470,8773
105.863818606,27.7328302844,88628,8253
105.863817562,27.7528328653,93110,8964
105.863816518,27.7728356485,90942,9012
105.863815472,27.7928386129,88918,8598
105.863814426,27.812841736,86827,8102
105.863813379,27.8328449945,74310,6920
105.863812331,27.8528483639,80842,7399
105.863811282,27.8728518188,78173,7046
105.863810233,27.892855333,77897,7108
105.863809182,27.9128588798,86144,8225
105.863808131,27.9328624314,108176,8574
105.863807079,27.9528659601,104868,8104
105.863806026,27.9728694375,102865,7968
105.863804973,27.992872835,99371,7575
105.863803919,28.0128761239,99253,6783
105.863802863,28.0328792754,96572,6410
105.863801807,28.0528822609,93547,6163
105.863800751,28.0728850519,94779,6275
105.863799693,28.0928876204,96966,6480
105.863798635,28.1128899386,98332,6806
105.863797576,28.1328919795,114940,8353
105.863796516,28.1528937166,146972,11698
105.863795455,28.1728951242,146972,11698
105.863794393,28.1928961776,110224,8889
105.863793331,28.2128968531,146330,12613
105.863792268,28.2328971278,151186,14100
105.863791204,28.2528969803,149922,13652
105.863790139,28.2728963903,158071,13615
105.863789073,28.2928953389,169200,15791
105.883857351,27.3128634937,199072,12511
105.883856326,27.3328597143,199775,12767
105.883855301,27.3528562078,202558,13032
105.883854275,27.3728529883,204383,13477
105.883853247,27.3928500681,206354,13969
105.88385222,27.4128474579,209382,14361
105.883851191,27.4328451667,213932,14333
105.883850162,27.4528432018,215029,14514
105.883849131,27.4728415687,144259,13518
105.8838481,27.492840271,144043,13607
105.883847069,27.5128393106,145798,13931
105.883846036,27.5328386875,141730,13497
105.883845003,27.5528383998,140267,13096
105.883843969,27.572838444,143827,13505
105.883842934,27.5928388147,131324,13363
105.883841898,27.6128395045,128835,12953
105.883840861,27.6328405046,127118,12553
105.883839824,27.6528418043,120537,11231
105.883838786,27.6728433912,108552,10103
105.883837747,27.6928452513,107317,9731
105.883836708,27.7128473691,100049,8911
105.883835667,27.7328497276,104348,9212
105.883834626,27.7528523081,98718,10814
105.883833584,27.7728550909,93809,9767
105.883832541,27.7928580549,90975,9137
105.883831498,27.8128611776,88395,8454
105.883830453,27.8328644356,76791,7130
105.883829408,27.8528678046,83308,7697
105.883828362,27.8728712591,81880,7783
105.883827315,27.8928747729,79798,7324
105.883826268,27.9128783192,82882,8028
105.883825219,27.9328818705,110055,8776
105.88382417,27.9528853988,108393,8300
105.88382312,27.9728888757,107131,8568
105.883822069,27.9928922728,102965,7839
105.883821018,28.0128955613,103535,7941
105.883819965,28.0328987124,99602,6903
105.883818912,28.0529016974,97282,6480
105.883817858,28.072904488,102387,7148
105.883816803,28.0929070561,103547,7528
105.883815748,28.1129093739,114945,8355
105.883814691,28.1329114143,114711,8291
105.883813634,28.152913151,146736,11661
105.883812576,28.1729145582,146972,11698
105.883811517,28.1929156113,146110,11616
105.883810458,28.2129162863,165893,15757
105.883809397,28.2329165606,165690,15668
105.883808336,28.2529164126,160524,14336
105.883807274,28.2729158222,158023,13600
105.883806211,28.2929147704,157368,13715
105.903857181,27.3128673491,200407,12490
105.903856156,27.3328635694,229611,15780
105.90385513,27.3528600625,207808,14007
105.903854103,27.3728568426,205784,13763
105.903853076,27.392853922,209831,14718
105.903852047,27.4128513114,210288,14473
105.903851018,27.4328490199,215794,14653
105.903849989,27.4528470547,217528,14986
105.903848958,27.4728454212,174735,16807
105.903847926,27.4928441231,171798,16210
105.903846894,27.5128431623,169107,15369
105.903845861,27.5328425388,143670,13898
105.903844827,27.5528422508,144688,13919
105.903843793,27.5728422946,145994,13671
105.903842758,27.5928426649,131954,13431
105.903841721,27.6128433544,132885,13287
105.903840685,27.6328443541,126813,12454
105.903839647,27.6528456534,133054,13753
105.903838608,27.6728472399,127414,13030
105.903837569,27.6928490997,109929,10453
105.903836529,27.7128512171,103510,9148
105.903835488,27.7328535752,105394,9535
105.903834446,27.7528561553,94852,9014
105.903833404,27.7728589378,96364,10091
105.903832361,27.7928619014,92272,9409
105.903831317,27.8128650237,92613,8740
105.903830272,27.8328682814,89925,8728
105.903829226,27.85287165,87854,8136
105.90382818,27.8728751041,84459,8269
105.903827133,27.8928786176,87587,9016
105.903826085,27.9128821635,87551,9138
105.903825036,27.9328857144,116341,9505
105.903823986,27.9528892423,113862,8969
105.903822936,27.9728927189,113890,9038
105.903821884,27.9928961156,104821,8465
105.903820832,28.0128994037,105012,8160
105.90381978,28.0329025544,102617,7673
105.903818726,28.0529055391,100320,6746
105.903817672,28.0729083293,94687,6040
105.903816616,28.092910897,106517,7719
105.90381556,28.1129132144,115439,8412
105.903814503,28.1329152545,114573,8259
105.903813446,28.1529169908,145338,11397
105.903812387,28.1729183977,145405,11440
105.903811328,28.1929194503,145728,11563
105.903810268,28.212920125,165893,15760
105.903809207,28.2329203989,165893,15760
105.903808145,28.2529202506,163672,15073
105.903807083,28.2729196598,155157,13165
105.90380602,28.2929186076,156126,13373
105.923837478,27.3128535281,200170,11773
105.923836449,27.332849748,227481,15133
105.923835419,27.3528462409,210597,14331
105.923834388,27.3728430206,207251,14144
105.923833357,27.3928400997,210939,14686
105.923832325,27.4128374888,211619,14930
105.923831292,27.4328351969,215095,15858
105.923830258,27.4528332314,218397,15138
105.923829223,27.4728315976,173770,16459
105.923828188,27.4928302992,170993,15990
105.923827152,27.5128293381,168420,15121
105.923826115,27.5328287142,148150,14599
105.923825077,27.5528284259,148624,14761
105.923824038,27.5728284694,149408,14139
105.923822999,27.5928288394,134900,13549
105.923821959,27.6128295285,131895,13331
105.923820918,27.6328305279,132735,13332
105.923819876,27.6528318269,123137,10911
105.923818834,27.6728334131,123737,12018
105.92381779,27.6928352726,117224,10377
105.923816746,27.7128373897,108432,9539
105.923815701,27.7328397474,117481,10592
105.923814656,27.7528423273,116954,12522
105.923813609,27.7728451094,100952,10103
105.923812562,27.7928480726,97986,9328
105.923811514,27.8128511947,91847,8498
105.923810465,27.832854452,89445,8301
105.923809415,27.8528578203,88801,8246
105.923808365,27.8728612741,93009,8929
105.923807314,27.8928647872,87393,8959
105.923806262,27.9128683328,123891,10316
105.923805209,27.9328718834,121028,9728
105.923804155,27.952875411,118129,9321
105.923803101,27.9728788873,116572,9076
105.923802045,27.9928822837,119315,9729
105.923800989,28.0128855714,110082,7845
105.923799932,28.0328887218,112247,8353
105.923798875,28.0528917062,103884,6989
105.923797816,28.0728944961,103611,6983
105.923796757,28.0928970634,110628,7880
105.923795697,28.1128993805,111507,7810
105.923794636,28.1329014203,111457,9072
105.923793574,28.1529031563,141365,10792
105.923792511,28.1729045628,139283,10556
105.923791448,28.1929056152,137368,10129
105.923790384,28.2129062895,165893,15758
105.923789319,28.2329065631,165893,15758
105.923788253,28.2529064145,163672,15071
105.923787186,28.2729058233,153676,12725
105.923786119,28.2929047708,152546,12461
